371
1.292984,103.774755,19.168408
1.292948,103.774742,30.74766
1.292859,103.774689,44.561346
1.292781,103.774612,40.49628
1.292689,103.774534,22.332265
1.292601,103.774497,1.106113
1.2925,103.774495,12.890089
1.292325,103.774455,53.404318
1.292268,103.774378,87.621106
1.292263,103.774274,-55.457289
1.292336,103.774168,-54.806866
1.292396,103.774083,-42.569005
1.292462,103.774022,-51.504072
1.292529,103.773939,-54.614146
1.2926,103.773838,-56.932679
1.292656,103.773753,-46.715496
1.292736,103.773667,-67.814668
1.292798,103.773514,-57.713485
1.292875,103.773393,-48.812396
1.292942,103.773316,-50.831401
1.293009,103.773234,-67.926183
1.293051,103.773131,-74.181171
1.293077,103.773037,-71.71184
1.293108,103.772945,-66.410178
1.293157,103.772832,-68.910902
1.293193,103.772738,-63.38266
1.293246,103.772633,-68.006534
1.293296,103.772509,-71.725689
1.293327,103.772416,-76.399442
1.293349,103.772325,-80.692643
1.293365,103.772225,-65.35728
1.293414,103.772119,-12.871273
1.293543,103.77209,23.564416
1.293659,103.77214,26.795343
1.293746,103.772184,26.673086
1.293841,103.772232,39.108843
1.293937,103.772311,43.437716
1.294023,103.772392,53.116334
1.294097,103.772491,51.064627
1.294158,103.772566,46.788761
1.294245,103.772658,39.989779
1.294359,103.772754,29.879016
1.294487,103.772828,25.650821
1.294631,103.772897,28.758741
1.294758,103.772966,31.524365
1.294856,103.773026,54.013434
1.294915,103.773108,81.364779
1.294928,103.773199,-88.745047
1.294926,103.77331,-76.85995
1.294904,103.773405,-44.856619
1.294762,103.773547,-42.342818
1.294673,103.773627,-45.426546
1.294596,103.773706,-42.278777
1.294501,103.773792,-6.425736
1.294391,103.773804,15.853475
1.294295,103.773777,65.412219
1.294254,103.773687,-66.6002
1.294308,103.773563,-39.850091
1.294391,103.773493,-39.707871
1.29448,103.77342,-54.213628
1.294544,103.773331,70.993098
1.294506,103.773221,-80.146054
1.294527,103.773104,82.861797
1.294513,103.772994,27.921263
1.294424,103.772947,32.558777
1.29432,103.772881,42.660024
1.294186,103.772758,79.429367
1.294171,103.772673,53.209447
1.294087,103.772561,47.478976
1.293988,103.772454,41.21065
1.293916,103.77239,30.101307
1.293812,103.77233,24.832595
1.293694,103.772275,20.384579
1.293588,103.772236,29.547172
1.293475,103.772172,74.222478
1.293442,103.772054,-87.095912
1.293448,103.77195,-84.308988
1.293461,103.771813,-80.881254
1.293487,103.771653,-72.515834
1.293539,103.771488,-64.90309
1.293614,103.771327,-59.234608
1.293669,103.771235,-55.648497
1.293727,103.77115,-51.323113
1.293798,103.771062,-47.812723
1.293878,103.770974,-44.005053
1.293965,103.770889,-39.445979
1.294051,103.770819,-34.761104
1.294138,103.770758,-27.487313
1.294222,103.770715,-23.261709
1.294375,103.770649,-17.060067
1.294462,103.770622,-11.1383
1.29463,103.770589,-0.827178
1.294786,103.770587,2.545592
1.294933,103.770593,4.272921
1.295068,103.770603,4.315119
1.295188,103.770612,16.657136
1.295275,103.770638,19.278748
1.295368,103.770671,34.37869
1.295469,103.77074,26.060437
1.295551,103.77078,22.168608
1.295648,103.77082,18.622496
1.29574,103.770851,12.689367
1.295885,103.770883,6.696285
1.295979,103.770895,4.396
1.296117,103.770905,20.035267
1.296209,103.770939,57.761336
1.296272,103.771039,78.909538
1.296291,103.771134,89.024316
1.296293,103.771261,-88.207387
1.296289,103.771398,87.143103
1.296296,103.771541,84.608614
1.296309,103.771678,74.214253
1.296352,103.771829,58.806024
1.296458,103.772005,46.659012
1.296578,103.772131,44.75744
1.296697,103.77225,43.708209
1.296764,103.772314,42.83555
1.296831,103.772376,36.201301
1.296956,103.772467,38.258948
1.297039,103.772533,47.923456
1.297106,103.772606,58.256837
1.297168,103.772707,44.617358
1.297241,103.772779,45.331414
1.29732,103.772859,34.496604
1.297429,103.772934,24.766108
1.297551,103.77299,24.689461
1.297694,103.773056,25.432544
1.297845,103.773127,43.259718
1.297963,103.773239,46.384775
1.298073,103.773354,50.754439
1.298181,103.773486,54.170017
1.298273,103.773614,51.156936
1.29837,103.773735,46.709642
1.298467,103.773837,30.276237
1.298578,103.773902,38.690223
1.298705,103.774004,37.312399
1.298781,103.774062,34.677552
1.29886,103.774116,34.764208
1.298936,103.774169,31.511909
1.299053,103.774241,30.108569
1.29917,103.774309,30.515787
1.299286,103.774377,19.370754
1.29943,103.774428,14.63379
1.299584,103.774468,14.753368
1.299723,103.774505,8.905833
1.299879,103.774529,-13.219555
1.300074,103.774484,-24.897846
1.300199,103.774426,-33.241568
1.300305,103.774356,-37.672726
1.300385,103.774294,-43.670064
1.300469,103.774214,-52.634433
1.300558,103.774098,-56.85907
1.300625,103.773995,-57.643684
1.30068,103.773908,-57.203025
1.300746,103.773806,-61.156618
1.300813,103.773684,-62.863864
1.300864,103.773584,-69.456151
1.300918,103.773442,-75.382861
1.300954,103.773302,-67.459104
1.300997,103.773198,-19.248352
1.301093,103.773164,72.775486
1.301118,103.773245,-80.790423
1.301101,103.773351,-81.351139
1.301085,103.773456,-79.908467
1.301069,103.773544,-67.039437
1.301017,103.773667,-65.948188
1.300976,103.773758,-61.412905
1.300921,103.773859,-61.849984
1.300848,103.773996,-60.361931
1.300793,103.774092,-86.326623
1.300786,103.7742,68.311368
1.300821,103.774287,54.398143
1.300899,103.774396,35.724818
1.300995,103.774466,13.409815
1.301128,103.774497,5.634482
1.301289,103.774513,-25.851735
1.301374,103.774472,-25.61054
1.301465,103.774428,-25.561514
1.301558,103.774383,-26.01447
1.301657,103.774335,-25.29453
1.301755,103.774289,-25.338686
1.301856,103.774241,-26.667805
1.301952,103.774193,-27.008211
1.302044,103.774146,-29.915547
1.302129,103.774097,-26.093244
1.302226,103.77405,-23.911859
1.302313,103.774011,-20.971404
1.302464,103.773953,-11.007674
1.302635,103.77392,-6.972434
1.302789,103.773901,2.29617
1.302938,103.773907,18.955439
1.303044,103.773943,34.348898
1.303142,103.77401,31.931557
1.303219,103.774058,44.694177
1.303284,103.774122,50.851215
1.303339,103.77419,69.11514
1.303374,103.774281,51.73707
1.303481,103.774417,75.350577
1.303525,103.774588,-70.359986
1.303482,103.774711,-83.593723
1.303464,103.774865,-88.193886
1.30346,103.775,-89.872394
1.30346,103.775134,77.861416
1.303481,103.775235,82.751145
1.303499,103.775375,78.814939
1.303522,103.775491,52.072354
1.303594,103.775583,39.846743
1.303677,103.775652,27.830822
1.303775,103.775704,63.857534
1.30382,103.775795,23.736023
1.303723,103.775753,68.657531
1.303671,103.77562,73.687093
1.303628,103.775473,65.50837
1.303551,103.775303,72.031313
1.303522,103.775215,82.180105
1.303509,103.775122,82.532591
1.303488,103.774957,78.947663
1.303458,103.774803,79.739762
1.303429,103.774644,85.365478
1.303416,103.774484,79.742644
1.303392,103.77435,59.336664
1.303346,103.774272,44.513147
1.303276,103.774203,28.612917
1.30313,103.774124,22.875827
1.303026,103.77408,19.014596
1.302876,103.774028,8.218765
1.302701,103.774003,-2.08136
1.302604,103.774006,-10.020709
1.30251,103.774023,-18.491179
1.302425,103.774051,-20.887556
1.302336,103.774085,-21.640838
1.302241,103.774123,-23.297194
1.30214,103.774166,-23.985401
1.302041,103.774211,-24.28767
1.301943,103.774255,-27.586322
1.301846,103.774305,-29.881623
1.301752,103.774359,-27.184791
1.301661,103.774406,-28.695622
1.301572,103.774455,-24.471504
1.301478,103.774498,-17.806537
1.30132,103.774549,-2.628917
1.301159,103.774556,6.291611
1.301041,103.774543,12.727039
1.300943,103.774521,23.628269
1.300858,103.774483,30.29305
1.300768,103.774431,20.691356
1.300644,103.774384,-13.128789
1.300522,103.774412,-30.113935
1.300379,103.774495,-26.694075
1.300233,103.774569,-21.164678
1.300082,103.774628,-22.354968
1.299938,103.774687,33.506006
1.296225,103.772229,16.162137
1.296334,103.77226,57.618771
1.296283,103.77218,47.959829
1.29624,103.772132,-60.533817
1.296285,103.772052,72.323645
1.296256,103.771959,77.379855
1.296223,103.771813,85.714385
1.296213,103.771683,82.713908
1.296195,103.771538,87.7855
1.296189,103.771392,-87.001894
1.296195,103.771285,-82.628906
1.296209,103.771173,89.136696
1.296208,103.771075,49.621284
1.296116,103.770967,11.574414
1.295991,103.770941,16.76064
1.295853,103.7709,20.394222
1.295724,103.770852,25.545638
1.295581,103.770784,31.126334
1.295441,103.770699,23.478495
1.29529,103.770633,16.41609
1.295123,103.770584,13.87151
1.294972,103.770547,4.112602
1.294803,103.770535,-0.686519
1.294712,103.770536,-6.556611
1.294537,103.770556,-15.115845
1.294382,103.770598,-24.948792
1.294235,103.770666,-31.958605
1.29415,103.770719,-34.158266
1.294073,103.770771,-36.522195
1.293999,103.770826,-40.699234
1.293925,103.77089,-44.997192
1.293857,103.770958,-59.907041
1.29381,103.771038,-60.514028
1.293762,103.771123,-60.363627
1.293711,103.771214,-59.853604
1.293661,103.771299,-62.021638
1.293614,103.771388,-64.972429
1.293575,103.771472,-67.518389
1.293511,103.771626,-71.758286
1.29347,103.771752,-79.907032
1.293449,103.77187,-83.387466
1.293437,103.771972,63.535135
1.293484,103.772068,20.441975
1.293571,103.7721,28.113017
1.293677,103.772156,28.188923
1.293767,103.772204,32.462887
1.293861,103.772264,45.310042
1.293954,103.772359,52.175951
1.294021,103.772444,51.369939
1.294092,103.772533,44.628186
1.294174,103.772614,48.673322
1.294256,103.772708,38.321849
1.294356,103.772786,27.171294
1.294468,103.772844,20.95233
1.294666,103.77292,22.955913
1.294802,103.772977,30.735354
1.29491,103.773042,64.868291
1.294961,103.77315,-86.15509
1.294951,103.773297,-77.702139
1.294927,103.773407,-54.628954
1.294857,103.773506,-41.965354
1.294768,103.773586,-41.472264
1.294675,103.773668,-52.830167
1.294613,103.77375,-46.826555
1.294533,103.773835,-13.410373
1.294424,103.773861,21.764577
1.294327,103.773823,51.420716
1.294253,103.77373,83.873355
1.294241,103.773612,-46.520121
1.294314,103.773535,-43.253584
1.294385,103.773468,-42.369827
1.294454,103.773406,-47.958759
1.294524,103.773328,-86.754214
1.294529,103.773229,-89.881904
1.29453,103.773111,-70.039771
1.294561,103.773026,-78.186148
1.294579,103.772935,37.920035
1.294488,103.772864,21.88788
1.294395,103.772827,28.769808
1.29427,103.772758,36.797346
1.294195,103.772702,58.810903
1.29413,103.772595,53.350094
1.294074,103.772519,50.224689
1.294003,103.772434,43.690774
1.293923,103.772358,24.984745
1.293838,103.772319,36.403094
1.293762,103.772262,22.49231
1.293669,103.772224,12.044147
1.293564,103.772201,16.430885
1.293468,103.772173,-54.057293
1.293393,103.772276,-79.143031
1.293363,103.772429,-78.489343
1.293345,103.772522,-73.388299
1.293317,103.772614,-69.343575
1.293282,103.772707,-63.081257
1.293206,103.772856,-58.145093
1.293128,103.772982,-52.336768
1.293017,103.773127,-51.937915
1.292955,103.773206,-47.252397
1.292882,103.773284,-40.273445
1.2928,103.773354,-39.556705
1.292711,103.773427,-42.011894
1.29263,103.7735,-43.518548
1.292564,103.773562,-40.974367
1.292493,103.773625,-43.042616
1.292365,103.773744,-55.377057
1.292281,103.773865,-72.209709
1.292254,103.773951,-85.858591
1.292245,103.774073,-75.907752
1.292215,103.774194,80.847246
1.292231,103.774294,52.883494
1.292289,103.774371,57.763008
1.29234,103.774452,55.443687
1.292403,103.774542,39.231095
1.292506,103.774627,38.448253
1.29263,103.774725,38.605781
1.292762,103.774831,38.002794
1.292895,103.774935,25.924597
1.293028,103.774999,0