406
1.291145,103.780888,-85.847393
1.291132,103.781062,83.175578
1.291153,103.781233,78.412746
1.291188,103.781405,81.221789
1.291202,103.781499,82.25862
1.291215,103.781594,75.094199
1.291239,103.781684,70.630368
1.291272,103.781776,72.508616
1.2913,103.781867,64.199143
1.291341,103.78195,67.444056
1.291415,103.782129,66.259368
1.291487,103.782294,64.108486
1.291561,103.782446,64.80744
1.291646,103.782626,59.300426
1.291699,103.782715,68.140224
1.291736,103.782808,54.756839
1.291801,103.782901,54.737291
1.291865,103.78299,63.532169
1.29192,103.783101,-78.803652
1.291894,103.783231,-46.15394
1.291817,103.783311,-74.38687
1.291824,103.783285,-51.032512
1.291769,103.783354,-56.713301
1.291679,103.783491,-84.743163
1.291668,103.783609,44.473337
1.291771,103.78371,35.423409
1.291912,103.783811,46.408123
1.292048,103.783953,44.166264
1.292124,103.784027,40.532841
1.292202,103.784093,50.240157
1.292271,103.784177,42.873208
1.292356,103.784256,48.404823
1.292431,103.784341,48.454975
1.292508,103.784427,44.812264
1.292588,103.784506,45.061186
1.292667,103.784586,49.127832
1.292735,103.784664,26.810309
1.292834,103.784714,40.243856
1.292995,103.784851,33.210364
1.293114,103.784929,34.480881
1.293213,103.784996,13.645132
1.29335,103.78503,-7.799152
1.293476,103.785012,-7.602341
1.293618,103.784994,-7.75395
1.293782,103.784971,-8.70775
1.293941,103.784947,-11.651885
1.294045,103.784925,0.20553
1.294153,103.784926,-24.475859
1.294259,103.784878,-25.41832
1.294402,103.78481,-38.765237
1.294533,103.784705,-41.233673
1.29469,103.784567,-40.048309
1.294786,103.784487,-41.635328
1.294865,103.784416,-26.049583
1.294976,103.784362,-24.801224
1.295058,103.784324,-28.616589
1.295176,103.78426,-33.586715
1.29531,103.78417,-33.79732
1.295466,103.784066,-34.063566
1.295635,103.783952,-31.678818
1.29582,103.783838,-32.782787
1.295994,103.783725,-32.79487
1.296083,103.783668,-34.67057
1.296173,103.783606,-41.0349
1.296254,103.783535,-43.524985
1.296327,103.783466,-43.725769
1.296403,103.783394,-56.274774
1.296491,103.783262,-52.520525
1.296575,103.783153,-52.920847
1.296653,103.783049,-58.206077
1.296704,103.782967,-59.008058
1.296766,103.782863,-64.807439
1.296827,103.782734,-77.673194
1.296871,103.782535,-83.001684
1.296886,103.782411,-80.312044
1.296908,103.78228,-65.098897
1.297008,103.782064,-57.611717
1.297101,103.781919,-55.539869
1.297192,103.781785,-55.427472
1.297255,103.781693,-62.90545
1.297304,103.781599,-68.948341
1.297351,103.781476,-79.678822
1.297371,103.781365,-81.971572
1.297389,103.781238,84.47539
1.297374,103.781082,81.354234
1.297359,103.780987,80.149559
1.297348,103.780919,-88.012301
1.297351,103.780822,-84.752185
1.297363,103.780693,78.99816
1.297344,103.780594,64.944375
1.297289,103.780477,78.355233
1.297265,103.780363,82.797881
1.297247,103.780214,77.926973
1.297212,103.780054,65.92628
1.297141,103.779894,64.021961
1.297062,103.779731,74.230455
1.297034,103.779634,80.951375
1.297018,103.779532,87.819917
1.297012,103.779375,-86.565427
1.297018,103.779266,-83.227914
1.29703,103.77917,-80.130468
1.297058,103.779008,-78.973634
1.297077,103.778912,-83.423707
1.297091,103.778785,-73.367535
1.297128,103.778663,-66.234568
1.297192,103.778518,-69.872591
1.29724,103.778386,-67.743037
1.297296,103.778248,-69.179175
1.297336,103.778144,-68.604531
1.297404,103.777969,-67.255839
1.297478,103.777794,-67.878183
1.297517,103.777698,-51.802528
1.297585,103.777612,-64.195365
1.297633,103.777512,-59.140785
1.297737,103.777337,-52.867995
1.297872,103.777159,-49.890402
1.298014,103.776991,-42.591453
1.29809,103.776921,-43.530472
1.298235,103.776783,-31.626833
1.298395,103.776685,-35.291961
1.298528,103.77659,-54.638414
1.298608,103.776478,-49.258268
1.298681,103.776394,-67.803704
1.298717,103.776304,-64.583964
1.298771,103.776192,-81.532214
1.298799,103.776,80.626566
1.29878,103.775883,79.401498
1.298762,103.775788,86.494844
1.298756,103.775695,-80.221216
1.298773,103.7756,-83.072824
1.298788,103.775473,-79.898902
1.298812,103.775342,-65.030237
1.29892,103.77511,-55.768054
1.299041,103.774932,-57.292887
1.299112,103.77482,-65.601355
1.299163,103.774709,-67.788444
1.299206,103.774605,-53.048948
1.29927,103.774519,-25.137197
1.29937,103.774472,8.535318
1.299524,103.774495,12.269322
1.299675,103.774528,9.916117
1.299808,103.774552,-11.673227
1.299921,103.774528,-14.296517
1.300047,103.774496,-20.40573
1.300188,103.774444,-23.703938
1.300333,103.77438,-41.920741
1.300462,103.774264,-55.581683
1.300566,103.774113,-58.63093
1.300669,103.773944,-59.27211
1.300769,103.773776,-59.708096
1.300864,103.773613,-64.596124
1.300931,103.773473,-72.451308
1.300971,103.773344,-72.201424
1.301005,103.77324,-59.648361
1.301053,103.773158,5.281153
1.301161,103.773168,83.225268
1.301177,103.773301,-77.652962
1.301155,103.7734,-82.630365
1.301142,103.773504,-77.968857
1.301117,103.773619,-73.918523
1.301102,103.773674,-62.932237
1.301023,103.773828,-52.227391
1.300946,103.773927,-57.555216
1.300877,103.774035,-60.417371
1.300818,103.77414,-79.664619
1.300799,103.774244,56.708399
1.300889,103.774381,30.429876
1.301029,103.774464,13.341094
1.301117,103.774485,4.056426
1.301298,103.774497,-10.583105
1.301398,103.774479,-18.641422
1.301498,103.774445,-25.986538
1.301597,103.774397,-25.117687
1.3017,103.774349,-25.531222
1.301805,103.774298,-25.432647
1.301907,103.77425,-26.439987
1.302005,103.774201,-24.846901
1.302194,103.774113,-26.593201
1.302365,103.774028,-20.473124
1.302532,103.773966,-8.671703
1.302784,103.773927,10.781449
1.302931,103.773955,20.153763
1.303039,103.773995,20.39668
1.303143,103.774034,31.114279
1.303244,103.774094,50.89995
1.303309,103.774175,49.092165
1.303398,103.774278,41.738072
1.303487,103.774357,64.951028
1.30352,103.774428,63.000663
1.303565,103.774517,71.671639
1.303595,103.774605,81.940162
1.303608,103.7747,74.838337
1.303641,103.774823,83.643988
1.303657,103.774966,-89.854712
1.303657,103.77512,-88.36153
1.303653,103.775276,79.072937
1.303674,103.775387,54.577203
1.303755,103.7755,29.248394
1.303835,103.775546,70.949116
1.303866,103.775634,-11.628893
1.303808,103.775646,66.065459
1.303768,103.775557,58.80505
1.303689,103.775426,79.385764
1.303667,103.775305,71.850842
1.303618,103.775157,83.559091
1.303597,103.774972,82.543189
1.303577,103.774815,76.690709
1.30354,103.774659,80.875695
1.303515,103.774503,65.330753
1.303459,103.774382,64.495119
1.303407,103.774273,59.258761
1.303343,103.774165,46.403831
1.303238,103.774055,21.322581
1.303135,103.774015,11.160179
1.302991,103.773986,8.632761
1.302835,103.773963,-3.225031
1.302661,103.773973,-14.752299
1.302468,103.774024,-25.095568
1.302267,103.774118,-24.459082
1.302056,103.774214,-24.937524
1.30185,103.774309,-23.582176
1.301748,103.774354,-24.26345
1.301649,103.774399,-23.951014
1.301556,103.77444,-20.914357
1.301466,103.774474,-18.122698
1.301376,103.774504,-2.822423
1.301286,103.774508,4.775891
1.301116,103.774494,17.866358
1.300987,103.774452,25.041081
1.300863,103.774394,15.901054
1.300688,103.774344,-6.449908
1.30057,103.774358,-32.93715
1.300481,103.774415,-24.488133
1.300378,103.774462,-33.440608
1.300255,103.774543,-21.021388
1.300151,103.774583,-7.320758
1.300014,103.774601,-8.703168
1.299869,103.774623,-7.629906
1.29974,103.77464,-15.161873
1.299576,103.774685,-17.51994
1.29943,103.774731,-21.362423
1.299301,103.774782,-38.651646
1.299181,103.774877,-48.390397
1.299086,103.774984,-44.850055
1.299,103.77507,-61.120793
1.298936,103.775185,-67.532746
1.298891,103.775295,-79.783333
1.298874,103.775386,-77.312627
1.298849,103.775501,-84.927751
1.298833,103.775674,78.388396
1.298859,103.775802,87.305215
1.298868,103.77599,-83.515039
1.298854,103.776119,-80.189409
1.298834,103.776232,-66.210402
1.298764,103.77639,-55.152094
1.298685,103.776505,-47.759003
1.298591,103.776608,-40.276126
1.298384,103.776784,-36.591182
1.298205,103.776917,-45.159609
1.298056,103.777066,-49.139408
1.297921,103.777222,-53.283649
1.29786,103.777304,-56.679589
1.297712,103.777529,-57.001187
1.297663,103.777605,-59.584146
1.297617,103.777682,-63.688678
1.297555,103.777808,-70.186072
1.297515,103.777919,-69.194016
1.297477,103.778018,-64.278856
1.297434,103.778109,-64.121873
1.297384,103.778212,-72.513941
1.297342,103.778344,-73.481611
1.297301,103.778483,-66.403047
1.297234,103.778636,-69.244273
1.297158,103.778837,-77.020363
1.297117,103.779016,-74.546957
1.297069,103.779188,77.867961
1.297121,103.77943,71.718722
1.297194,103.77965,64.847837
1.297283,103.779839,67.724667
1.297321,103.779933,72.144797
1.297374,103.780097,69.456373
1.29742,103.780218,71.434631
1.297456,103.780326,63.022047
1.297511,103.780435,68.820634
1.297561,103.780564,-72.201383
1.297526,103.780674,-61.448524
1.297484,103.780751,70.800411
1.297526,103.780874,-87.577565
1.297522,103.780976,-78.032448
1.297495,103.781102,-86.334437
1.297489,103.781204,-80.988526
1.297465,103.781355,-78.383711
1.297438,103.781489,-68.053526
1.29739,103.781608,-56.305233
1.297277,103.781777,-49.940996
1.297169,103.781905,-55.057776
1.29708,103.782032,-61.420697
1.29701,103.782162,-80.805933
1.296983,103.782328,-83.507224
1.296964,103.782494,-85.154705
1.296942,103.782747,-86.076111
1.296932,103.782891,-72.450667
1.296894,103.783012,-51.425759
1.296811,103.783116,-46.221957
1.296695,103.783237,-48.640862
1.296635,103.783306,-47.086382
1.296522,103.783427,-48.32674
1.296419,103.783543,-42.534361
1.296276,103.783675,-36.648179
1.296121,103.78379,-34.595136
1.29598,103.783887,-31.07389
1.295859,103.78396,-29.741719
1.295742,103.784027,-25.745172
1.295619,103.784086,-32.257734
1.295506,103.784157,-35.043017
1.295341,103.784273,-37.314698
1.295243,103.784348,-42.732397
1.295168,103.784417,-41.779962
1.295095,103.784483,-31.022595
1.295032,103.78452,-21.597211
1.294928,103.784561,-27.989021
1.294842,103.784607,-34.305631
1.294672,103.784724,-38.21386
1.294571,103.784803,-31.093993
1.29446,103.78487,-27.464408
1.29434,103.784932,-18.297675
1.294208,103.784976,-7.482482
1.294044,103.784997,-5.993948
1.293888,103.785014,-8.284501
1.293749,103.785034,-12.32618
1.293635,103.785059,-16.094345
1.293554,103.785082,-21.527472
1.293465,103.785117,-48.001068
1.293414,103.785174,-38.880421
1.293313,103.785256,-9.455531
1.293203,103.785274,29.430744
1.293105,103.785219,46.601279
1.291784,103.783822,50.042076
1.291702,103.783724,49.162922
1.291623,103.783633,75.614365
1.291597,103.783529,-55.551457
1.291672,103.783419,-54.46386
1.291747,103.783314,-40.727514
1.291825,103.783247,-48.239249
1.291892,103.783171,69.103927
1.291839,103.783032,60.555359
1.291769,103.782907,64.371822
1.291712,103.782789,63.33645
1.291663,103.782692,48.69641
1.29153,103.78254,63.648636
1.291409,103.782297,69.165006
1.291341,103.782117,70.591701
1.291279,103.78194,69.662467
1.291222,103.781786,74.98814
1.29119,103.781668,73.74859
1.291151,103.781535,48.335525
1.291089,103.781465,67.937159
1.291052,103.781373,64.351902
1.29101,103.781286,73.201905
1.290967,103.781143,88.502459
1.290965,103.781063,-71.016753
1.291011,103.780927,-63.663211
1.291082,103.780785,-49.288564
1.291193,103.780655,-46.845819
1.291313,103.780527,-32.738319
1.291454,103.780437,-21.801409
1.291609,103.780375,-14.668295
1.29177,103.780333,-13.105269
1.291928,103.780296,-26.853841
1.292068,103.780225,-52.868252
1.292163,103.780099,-78.733795
1.292188,103.779975,-68.652464
1.292245,103.779828,-56.822576
1.292338,103.779687,-52.19435
1.292452,103.779539,-53.086905
1.292566,103.779389,-52.406798
1.292673,103.779249,-57.360875
1.292769,103.7791,-58.246081
1.292817,103.779022,-62.191375
1.292907,103.778851,-84.155053
1.292921,103.77871,-86.54933
1.292935,103.778478,-82.178635
1.292968,103.778238,-76.029917
1.293024,103.778016,-64.726062
1.293124,103.777803,-61.470135
1.293179,103.777702,-61.001023
1.293234,103.777604,-56.078425
1.293364,103.77741,-53.11927
1.293427,103.777325,-55.843138
1.293481,103.777246,-57.057709
1.293536,103.777161,-52.866487
1.293628,103.77704,-62.064276
1.293734,103.77684,-83.025853
1.293749,103.776713,88.592294
1.293746,103.776561,87.592156
1.29374,103.776417,-85.828332
1.293753,103.776239,-88.325487
1.293758,103.776053,-88.223003
1.293763,103.775899,81.010999
1.293741,103.775759,82.279764
1.293721,103.775615,78.565847
1.293697,103.775497,88.013593
1.293694,103.775398,-80.090931
1.293712,103.775296,-29.790317
1.293796,103.775248,-23.981682
1.293882,103.77521,-58.115716
1.293868,103.775233,0