1017
1.291938761318054,103.78032646833903,2.0
1.2919504163094186,103.78029699782537,3.0
1.291971995298773,103.78028621643068,4.0
1.2919984533747404,103.78027042128573,5.0
1.2920298579752303,103.78025244250047,6.0
1.2920591750434072,103.7802293943506,7.0
1.2920886501079947,103.78020104141643,8.0
1.292098904129847,103.78014894589936,9.0
1.2921080995302,103.7800780681291,10.0
1.2921357191920875,103.77998840030064,11.0
1.2921490630552983,103.77991997993765,12.0
1.2921631837079115,103.77985066199571,13.0
1.2921774135098922,103.77977784364454,14.0
1.2922260498259037,103.7797167088638,15.0
1.2922789792861054,103.77964908361581,16.0
1.2923356102702612,103.77957853724553,17.0
1.2923963049208378,103.77949974903399,18.0
1.2924555125232489,103.77941971985052,19.0
1.2925241364285944,103.7793348949646,20.0
1.2925918488268404,103.7792547350146,21.0
1.292661493025564,103.779174408196,22.0
1.292729221768159,103.77909134995554,23.0
1.2927945777434995,103.7789936467979,24.0
1.2928322480921874,103.77888551844332,25.0
1.2928647132357036,103.77877312279148,26.0
1.2928848240882174,103.77866151393113,27.0
1.2929016144284768,103.77854478183686,28.0
1.2929156997086633,103.77843241158698,29.0
1.292920598327222,103.77831062815041,30.0
1.2929367957371698,103.77819537357692,31.0
1.292957761190197,103.77808386830735,32.0
1.2929856674220754,103.77797262098466,33.0
1.293039886954199,103.77787856659849,34.0
1.2930899902641066,103.7777872169833,35.0
1.2931453625970764,103.77769178523923,36.0
1.2932035206987993,103.7776102977684,37.0
1.293265354053403,103.77753025265547,38.0
1.2933412015066332,103.77746034056513,39.0
1.293407527603035,103.77739127754562,40.0
1.2934629262848474,103.77732603835922,41.0
1.2935059920712177,103.77726397929578,42.0
1.293545344338633,103.7772048654223,43.0
1.293585718856814,103.77714793900128,44.0
1.293621343403117,103.77709528197086,45.0
1.2936517934355776,103.7770477440267,46.0
1.293685840932962,103.77700019462479,47.0
1.2937148120614776,103.77695343542901,48.0
1.2937299699185827,103.77690831551988,49.0
1.2937434256732554,103.77686346015605,50.0
1.2937479901951372,103.77681317871601,51.0
1.293750083709631,103.77675808244543,52.0
1.2937519779761895,103.77669660872621,53.0
1.2937513338749769,103.77663385013219,54.0
1.2937449881752694,103.77658717445352,55.0
1.2937386712741483,103.77654045256902,56.0
1.2937330801179585,103.77647965187816,57.0
1.293727157284752,103.77641147727935,58.0
1.2937181497195518,103.77634092867976,59.0
1.2937119887567075,103.77629867231745,60.0
1.293708919850851,103.77626138389994,61.0
1.293713753324361,103.77618742461263,62.0
1.2937181055791833,103.77613914045092,63.0
1.2937262991813325,103.77609233825407,64.0
1.293733766642541,103.77604484936872,65.0
1.2937361498347737,103.77599172569431,66.0
1.2937295218388725,103.77593790245356,67.0
1.2937235085559244,103.77589034591597,68.0
1.2937207808839635,103.77584644381187,69.0
1.2937186649657335,103.77579896970337,70.0
1.293717430930112,103.77574182476859,71.0
1.2937169818414371,103.77568558257305,72.0
1.2937162803674433,103.77563571117683,73.0
1.2937164658216236,103.7755799040608,74.0
1.293720102042027,103.77552669503163,75.0
1.2937211305201197,103.7754695920889,76.0
1.2937190690159008,103.77541071685323,77.0
1.2937110866207548,103.77534953100346,78.0
1.2936868093575953,103.7752965955596,79.0
1.2936577107883342,103.77525214092188,81.0
1.2936235209801163,103.77523421710613,82.0
1.2935848205283962,103.77521608902462,83.0
1.2935411356956277,103.77521171064099,84.0
1.293500952133171,103.77520573961148,85.0
1.2934687507587355,103.77519052399919,86.0
1.2934398822204916,103.77517673093483,87.0
1.293403122499632,103.77516548271764,88.0
1.2933581665824172,103.7751511171625,89.0
1.2933581665824172,103.7751511171625,90.0
1.2933581665824172,103.7751511171625,91.0
1.29328667763082,103.77512333648812,92.0
1.2932617644443198,103.7751149459872,93.0
1.2932323925567284,103.77510485388741,94.0
1.293197756497849,103.77509667540734,95.0
1.293167804968216,103.77510375990232,96.0
1.293136586838994,103.77510945457995,97.0
1.293136586838994,103.77510945457995,98.0
1.293136586838994,103.77510945457995,99.0
1.293136586838994,103.77510945457995,100.0
1.293136586838994,103.77510945457995,101.0
1.293136586838994,103.77510945457995,102.0
1.293136586838994,103.77510945457995,103.0
1.293136586838994,103.77510945457995,104.0
1.293136586838994,103.77510945457995,105.0
1.293136586838994,103.77510945457995,106.0
1.293136586838994,103.77510945457995,107.0
1.293136586838994,103.77510945457995,108.0
1.293136586838994,103.77510945457995,109.0
1.293136586838994,103.77510945457995,110.0
1.2930049661280936,103.77508736364068,111.0
1.292964981309259,103.7750653331378,112.0
1.2929166595016166,103.7750377915298,113.0
1.2928746402364895,103.77499835429826,114.0
1.29281782151326,103.77495202437511,115.0
1.2927583701726006,103.77490748064422,116.0
1.2926978030732412,103.77485590602363,117.0
1.2926332316457556,103.77480507935138,118.0
1.2925679816941509,103.77475551968546,119.0
1.292507393799753,103.77471246430818,120.0
1.29245237155075,103.77466966423295,121.0
1.29240851848769,103.77463365936406,122.0
1.2923763501428096,103.77459849075493,123.0
1.292347891276595,103.77456606275334,124.0
1.2923253469849731,103.7745417051261,125.0
1.2923082067304483,103.77452002401881,126.0
1.2922912151154595,103.77449827320865,127.0
1.2922740835674627,103.77447447044113,128.0
1.2922610801702055,103.77443901925764,129.0
1.2922585649142395,103.7743981104399,130.0
1.2922562044865489,103.77435511392883,131.0
1.2922582267139007,103.77431244478767,132.0
1.2922634298604199,103.7742609914315,133.0
1.2922895406978698,103.7742048693444,134.0
1.2922895406978698,103.7742048693444,135.0
1.2922895406978698,103.7742048693444,136.0
1.2923372544712335,103.77409859334873,137.0
1.2923540306110546,103.77403261507408,138.0
1.2923768226699892,103.77397623974088,139.0
1.2923913195244434,103.77394576597679,140.0
1.292397291763219,103.77391734141743,141.0
1.2924071030124509,103.77387196450188,142.0
1.292424579554548,103.77384195514092,143.0
1.2924444779035142,103.77381439284392,144.0
1.2924891100871745,103.77380199916803,145.0
1.2925209080860331,103.77378808524807,146.0
1.2925630674072246,103.77374612391885,147.0
1.2926041555096708,103.77369672886613,148.0
1.2926481156214806,103.77367133513356,149.0
1.2926840656347403,103.77365804585855,150.0
1.2927722681631675,103.77356137083939,151.0
1.2927722681631675,103.77356137083939,152.0
1.292870821500095,103.77348082978027,153.0
1.2929248614863929,103.77342017576474,154.0
1.292972737693857,103.77336007951686,155.0
1.293016884956278,103.77330593255806,156.0
1.293052899552001,103.77325248285901,157.0
1.2930842033806396,103.77320412545264,158.0
1.2931144701322177,103.7731528492814,159.0
1.2931449855881139,103.77309530743258,160.0
1.2931719312860548,103.77303465110542,161.0
1.293198445821471,103.77296746148278,162.0
1.2932228878922822,103.77289381604153,163.0
1.2932539391162756,103.77280415428035,164.0
1.2932841048864572,103.7727130136319,165.0
1.293304121606821,103.77262744460529,166.0
1.2933212933610891,103.77254594445841,167.0
1.2933403537151809,103.77245693338403,168.0
1.2933511931503492,103.77237397930675,169.0
1.29336196608905,103.77231462172449,170.0
1.2933852582780092,103.77226860749732,171.0
1.2934146129193655,103.77224187343266,172.0
1.293446626520482,103.77221722697075,173.0
1.2934874974963584,103.77220831605958,175.0
1.2935321373857327,103.77220455192372,176.0
1.2935837024055719,103.77220707084301,177.0
1.2936364869814703,103.77220850356396,178.0
1.2936918692651924,103.77221862963769,179.0
1.2937439710498764,103.77223986765672,180.0
1.2937919902531936,103.7722560616548,181.0
1.2938288098187338,103.77227039531142,182.0
1.2938501176106079,103.77229495696967,183.0
1.293874753626066,103.77232297372053,184.0
1.293914395098314,103.77234813726476,185.0
1.2939527765421541,103.7723758372022,186.0
1.2939919371446686,103.77241348140511,187.0
1.2940183444360767,103.77245185036739,188.0
1.294035489899736,103.77247704004678,189.0
1.2940491346924246,103.77249904222124,190.0
1.2940491346924246,103.77249904222124,191.0
1.2940491346924246,103.77249904222124,192.0
1.2940491346924246,103.77249904222124,193.0
1.2940889705620344,103.77255447758223,194.0
1.2941075265313333,103.7725750570753,195.0
1.2941346518733818,103.77260565493125,196.0
1.2941670784483184,103.77264291926643,197.0
1.2942027344022407,103.77268440206541,198.0
1.2942464740353576,103.77272942790052,199.0
1.2942936392646436,103.77277273361351,200.0
1.2943472711019435,103.77281556882403,201.0
1.2944054348572083,103.77285455086222,202.0
1.2944618475380192,103.77288511387516,203.0
1.2945221022056366,103.77291795337229,204.0
1.2945931192419937,103.77295150302545,205.0
1.2946713120989588,103.77298520277932,206.0
1.294742606167555,103.77301727974272,207.0
1.2948140183641434,103.7730493234407,208.0
1.2948723548228749,103.77310215901348,209.0
1.294903692637768,103.77316293896929,210.0
1.2949304431851552,103.77321394010242,211.0
1.2949331406523192,103.77326459748477,212.0
1.2949363931987647,103.77332410521508,213.0
1.294926918076034,103.77338519426272,214.0
1.294913492539044,103.77344776418825,215.0
1.2948967472293682,103.77348741394222,216.0
1.2948640226904333,103.77351949970978,217.0
1.294824065934583,103.7735445387393,218.0
1.2947625069137232,103.77359288236958,219.0
1.29470222853384,103.77364410663414,220.0
1.2946470064322726,103.77367528093707,221.0
1.294612736440853,103.77369901959366,222.0
1.2945764651597276,103.77372895846436,223.0
1.2945484955392776,103.77378259247986,224.0
1.2945185209104486,103.77383576928278,225.0
1.2944799793174766,103.77388613894252,226.0
1.2944270738204702,103.77389654737058,227.0
1.294380406616647,103.7738886162788,228.0
1.294345601921319,103.77386332125388,229.0
1.2943186386629166,103.77385982446492,230.0
1.2943186386629166,103.77385982446492,231.0
1.2943186386629166,103.77385982446492,232.0
1.2943186386629166,103.77385982446492,233.0
1.2943186386629166,103.77385982446492,234.0
1.2943186386629166,103.77385982446492,235.0
1.2943186386629166,103.77385982446492,236.0
1.2943186386629166,103.77385982446492,237.0
1.2943186386629166,103.77385982446492,238.0
1.2943186386629166,103.77385982446492,239.0
1.2943186386629166,103.77385982446492,240.0
1.2943186386629166,103.77385982446492,241.0
1.2943186386629166,103.77385982446492,242.0
1.2943186386629166,103.77385982446492,243.0
1.2943186386629166,103.77385982446492,244.0
1.2943186386629166,103.77385982446492,245.0
1.2943186386629166,103.77385982446492,246.0
1.294288970960946,103.77382777276891,247.0
1.2942767749526158,103.77381315601933,248.0
1.294260601136409,103.77377808880726,249.0
1.294260830935097,103.77373530146534,250.0
1.2942777415801097,103.77368873565564,251.0
1.2943416331825321,103.77361677684951,252.0
1.2943416331825321,103.77361677684951,253.0
1.294386321735265,103.77357987461158,254.0
1.2944321534677659,103.77354034150933,255.0
1.2944795661356525,103.77349889932086,256.0
1.2945463145266995,103.77339630374628,257.0
1.2945503577762694,103.77333791449827,258.0
1.294538916122319,103.77328781761341,259.0
1.294524903846715,103.77324587696427,260.0
1.294519809594579,103.7731981975195,261.0
1.2945325976665143,103.77314352323033,262.0
1.2945483416406354,103.77309448745329,263.0
1.294563646468018,103.7730531078409,264.0
1.294573873884864,103.77300582027722,265.0
1.2945753547960235,103.77296622874252,266.0
1.2945724659641982,103.77293155490908,267.0
1.2945491861119245,103.77290257853964,268.0
1.294518058908128,103.77288319659777,269.0
1.294478054013459,103.77286142860824,270.0
1.2944331504988176,103.77283845914097,271.0
1.2943853888551655,103.77281405904064,272.0
1.2943392929522073,103.77278615498187,273.0
1.2942979187846955,103.77275936712596,274.0
1.2942634965014634,103.77273440880138,276.0
1.294242204968131,103.77271651594211,277.0
1.2942338981415973,103.77270788651093,278.0
1.2942238677228908,103.77269010418,279.0
1.2942238677228908,103.77269010418,280.0
1.2942238677228908,103.77269010418,281.0
1.2942115785539372,103.77267770169396,282.0
1.2941954448106365,103.7726588488368,283.0
1.2941708597536845,103.7726319780932,284.0
1.2941419991311711,103.77260445240576,285.0
1.294105951510425,103.77256780177085,286.0
1.2940649683720453,103.7725244029477,287.0
1.294026222367088,103.77248148212071,288.0
1.2939883558216463,103.77244033318439,289.0
1.293951094836963,103.77240749516895,290.0
1.2939196138762301,103.77238549768333,291.0
1.2938922432626578,103.77236909864604,292.0
1.2938540613127,103.7723419464382,293.0
1.2938048443869876,103.7723125498746,294.0
1.2937506439659325,103.7722831744495,295.0
1.2936994595215945,103.77226021372043,296.0
1.2936438704793807,103.77223726958857,297.0
1.2935953409612115,103.77222691288537,298.0
1.29355393352216,103.77221734416263,299.0
1.2935268470283054,103.77221093939927,300.0
1.2935268470283054,103.77221093939927,301.0
1.2935268470283054,103.77221093939927,302.0
1.2935022074379139,103.7722025714178,303.0
1.293488592804838,103.772189515096,304.0
1.2934682650900238,103.77217094976056,305.0
1.2934468090339457,103.77214385000678,306.0
1.2934344250013996,103.77210222725192,307.0
1.2934235702581736,103.7720598204647,308.0
1.2934170286575861,103.77201373429354,309.0
1.2934128188362901,103.77196633733567,310.0
1.2934120086595406,103.7719197830223,311.0
1.2934147336725346,103.77185834772942,312.0
1.2934236848001452,103.77177925437412,313.0
1.2934373819875942,103.7716952147567,314.0
1.293457288985933,103.77160373895389,315.0
1.293485472761719,103.77150635482501,316.0
1.2935194795573366,103.77141329295348,317.0
1.2935630402653926,103.77131345963355,318.0
1.293612886258868,103.77122264333897,319.0
1.293679749675922,103.77112980374959,320.0
1.2937556677160005,103.77103002241526,321.0
1.2938403919628023,103.77095923710158,322.0
1.2939258039181232,103.77089731545918,323.0
1.2940232170601271,103.77083619032364,324.0
1.2941297161442047,103.7707647071537,325.0
1.2943369254027508,103.7706530456213,326.0
1.2944474366545116,103.77061046393197,327.0
1.2944474366545116,103.77061046393197,328.0
1.2946653463813433,103.770567606216,329.0
1.2947724564675682,103.77056484928876,330.0
1.2948739792015218,103.77056704899309,331.0
1.2949633314786544,103.77057246660657,332.0
1.2950392246959077,103.77057928240393,333.0
1.2950981380102935,103.77058748771408,334.0
1.2951563412255465,103.77060099745862,335.0
1.2951563412255465,103.77060099745862,336.0
1.2952077559392012,103.77061106448109,337.0
1.2952763858176704,103.77062646832461,338.0
1.295297406876127,103.77064080408246,339.0
1.295310505530895,103.77065885635679,340.0
1.295325957115759,103.77067539981815,341.0
1.2953393953242485,103.7706901112829,342.0
1.2953503290072563,103.77069584520996,343.0
1.2953738742558993,103.77070284989756,344.0
1.295406836388554,103.77071755417143,345.0
1.295454803112352,103.77074022620022,346.0
1.2955061212512715,103.77076422066582,347.0
1.295569588835114,103.77078721024944,348.0
1.295644797272746,103.77080879191745,349.0
1.2957229282879545,103.77083307803298,351.0
1.2958027231127467,103.77085722162855,352.0
1.2958919147970795,103.77087593108502,353.0
1.2959728078802721,103.77087995413036,354.0
1.296050132310046,103.77088728000977,355.0
1.2961253019745607,103.77089843292744,356.0
1.2961957632188055,103.77092549085607,357.0
1.2962637145373361,103.77095857921906,358.0
1.296292591453513,103.77100962330641,359.0
1.2963158078850598,103.77105830898405,360.0
1.2963282451013334,103.77112372642479,361.0
1.2963298379586559,103.77119602045825,362.0
1.296321643646435,103.77127123104309,363.0
1.2963183656091992,103.77134804229364,364.0
1.2963092123152238,103.7714345688026,365.0
1.2963036594323827,103.7715276657037,366.0
1.2963014823399808,103.77162878017718,367.0
1.2963041612105182,103.77173051229117,368.0
1.2963186365453006,103.77184090318359,369.0
1.2963554810481328,103.77195294349909,370.0
1.2963967678202895,103.77203780350905,371.0
1.2964439687647002,103.77213395444218,372.0
1.2965101709631834,103.77222644295146,373.0
1.2965953341350096,103.77230614360998,374.0
1.2966817562806852,103.7723872068039,375.0
1.2967597613445765,103.77245403788841,376.0
1.296830626572688,103.77251097661991,377.0
1.2968968638070006,103.77256486195729,378.0
1.2969621555222568,103.77261246634625,379.0
1.2970107165859694,103.77263979577262,380.0
1.297073789153168,103.77267546239824,381.0
1.2971140538354002,103.7727002181468,382.0
1.2971336211812234,103.77271168255716,383.0
1.2971495663411319,103.77272431785235,384.0
1.2971495663411319,103.77272431785235,385.0
1.2971495663411319,103.77272431785235,386.0
1.2971495663411319,103.77272431785235,387.0
1.2971495663411319,103.77272431785235,388.0
1.2971495663411319,103.77272431785235,389.0
1.2971495663411319,103.77272431785235,390.0
1.2971495663411319,103.77272431785235,391.0
1.2971495663411319,103.77272431785235,392.0
1.2971495663411319,103.77272431785235,393.0
1.2971495663411319,103.77272431785235,394.0
1.2971495663411319,103.77272431785235,395.0
1.2971495663411319,103.77272431785235,396.0
1.2971495663411319,103.77272431785235,397.0
1.2971495663411319,103.77272431785235,398.0
1.2971495663411319,103.77272431785235,399.0
1.2971495663411319,103.77272431785235,400.0
1.2971495663411319,103.77272431785235,401.0
1.2971495663411319,103.77272431785235,402.0
1.2971495663411319,103.77272431785235,403.0
1.2971495663411319,103.77272431785235,404.0
1.2971541008568863,103.77272767519237,405.0
1.2971541008568863,103.77272767519237,406.0
1.2971712528173263,103.77274414610794,407.0
1.2971873047260358,103.7727736107186,408.0
1.297207017940596,103.77280102441071,409.0
1.297237529515343,103.7728325483142,410.0
1.2972801798596099,103.77286872813143,411.0
1.297328651414766,103.77291529660909,412.0
1.2973780083967226,103.77296172568236,413.0
1.2974277720808076,103.77300532864668,414.0
1.297482844007991,103.77304994451471,415.0
1.2975582190987358,103.77309564253615,416.0
1.2976412465481104,103.77312636553461,417.0
1.2978078333398595,103.77323234314751,418.0
1.2978078333398595,103.77323234314751,419.0
1.2978810301730936,103.77330663553305,420.0
1.2979351446255298,103.77339304632142,421.0
1.2980497815840872,103.77354327036099,422.0
1.298107816031606,103.7736137040263,423.0
1.29817009401065,103.77368299583607,424.0
1.2982247829124063,103.77374367840734,425.0
1.2982770480332606,103.7737958670018,426.0
1.2983228998599825,103.77384441278046,427.0
1.2983773033586612,103.77387001372895,428.0
1.2984323070130217,103.77390083112867,429.0
1.2984898500559496,103.77393410455156,430.0
1.298558340869031,103.77396996094471,431.0
1.2986124749373729,103.77399717908688,432.0
1.2986699304825526,103.77402831721417,433.0
1.2987204033064754,103.77407453064494,434.0
1.2987814009888128,103.77411846137876,435.0
1.2988453133238196,103.77416115911704,436.0
1.2989128658120432,103.7742056521114,437.0
1.2989795891126033,103.7742459480785,438.0
1.2990404900940486,103.77428050839107,439.0
1.2990969910655745,103.77431249723818,440.0
1.299153760369423,103.77434202244389,441.0
1.2992110131218044,103.77437192058044,442.0
1.2992678221040903,103.77440063240847,443.0
1.2993241125458912,103.77442500286264,444.0
1.2993894812927882,103.77444245827562,445.0
1.2994559330255888,103.77446243902922,446.0
1.2995217418180938,103.77448010165072,447.0
1.2995914238992434,103.77449474055348,448.0
1.2996518003415636,103.77450896084822,449.0
1.299700784606916,103.7745195824571,450.0
1.299750572849242,103.77452595021381,451.0
1.2997943349244594,103.77453037318848,452.0
1.2998384802361582,103.77453225174204,453.0
1.2998882267433656,103.77453199567348,455.0
1.299947114545452,103.77452517066955,456.0
1.3000130608753666,103.77451324799091,457.0
1.3000756717551007,103.77449727736544,458.0
1.3001401935909096,103.77446372446275,459.0
1.3002126421056264,103.77442559289773,460.0
1.3002764735622947,103.77439124718805,461.0
1.300341757407687,103.77435346529813,462.0
1.3004045972682612,103.7743121140008,463.0
1.3004564326034442,103.77425722934031,464.0
1.300497826026452,103.77420323559926,465.0
1.3005391997902593,103.7741403905157,466.0
1.300581627238054,103.77407230838327,467.0
1.300623777806464,103.77400485477057,468.0
1.300663768924552,103.77394562069703,469.0
1.3007063224587758,103.77388601785523,470.0
1.3007536940446187,103.77382254159681,471.0
1.3007964914781787,103.77375015121473,472.0
1.3008372083979742,103.773679320182,473.0
1.300880333434339,103.77360797661609,474.0
1.3009223079581922,103.77353874193837,475.0
1.3009534605007316,103.77348332326656,476.0
1.3009722071359242,103.77343453610573,477.0
1.30098691547188,103.77338928394717,478.0
1.3010001055912264,103.7733324028864,479.0
1.3010110149449154,103.77327791904159,480.0
1.3010283351842282,103.773246176774,481.0
1.3010571510268962,103.77321822295671,482.0
1.3010838377445162,103.7732094596255,483.0
1.30111245249604,103.77320573285067,484.0
1.3011368340764689,103.77320297757711,485.0
1.3011529618693984,103.7732086579157,486.0
1.3011633160362635,103.77322768935935,487.0
1.3011696797017331,103.77325781000319,488.0
1.3011635215940252,103.77329759759432,489.0
1.301154748963028,103.77334332726244,490.0
1.3011465565230884,103.77339581089235,491.0
1.301139387756152,103.77343827695745,492.0
1.301128745815909,103.77348662738436,493.0
1.3011194800201438,103.77354284386477,494.0
1.3011051879449742,103.77358712398758,495.0
1.3010881893651849,103.77362521549082,496.0
1.301073800890429,103.7736427903911,497.0
1.301073800890429,103.7736427903911,498.0
1.301073800890429,103.7736427903911,499.0
1.301073800890429,103.7736427903911,500.0
1.301073800890429,103.7736427903911,501.0
1.301073800890429,103.7736427903911,502.0
1.301073800890429,103.7736427903911,503.0
1.301073800890429,103.7736427903911,504.0
1.301073800890429,103.7736427903911,505.0
1.301073800890429,103.7736427903911,506.0
1.301073800890429,103.7736427903911,507.0
1.301073800890429,103.7736427903911,508.0
1.301073800890429,103.7736427903911,509.0
1.301073800890429,103.7736427903911,510.0
1.301073800890429,103.7736427903911,511.0
1.301073800890429,103.7736427903911,512.0
1.301073800890429,103.7736427903911,513.0
1.301073800890429,103.7736427903911,514.0
1.301073800890429,103.7736427903911,515.0
1.301073800890429,103.7736427903911,516.0
1.301073800890429,103.7736427903911,517.0
1.301073800890429,103.7736427903911,518.0
1.301073800890429,103.7736427903911,519.0
1.301073800890429,103.7736427903911,520.0
1.301080893646489,103.77373168385711,521.0
1.301080893646489,103.77373168385711,522.0
1.3010547319494328,103.77375785693015,523.0
1.301028453720263,103.77378797150942,524.0
1.3009931342784933,103.77383406005914,525.0
1.3009139003932897,103.77394568922574,526.0
1.3008783697848385,103.77400667218731,527.0
1.3008470982853952,103.77406364978566,528.0
1.3008217353757676,103.77412047021393,529.0
1.3007953032860629,103.7741775863675,530.0
1.3007664808237334,103.77423043642095,531.0
1.3007218301176322,103.77426910485576,532.0
1.300680362597857,103.77430393764077,533.0
1.300619482121976,103.7743196755878,534.0
1.3005562743908001,103.77434228391947,535.0
1.3004921261920912,103.77438948097704,536.0
1.3004209809143545,103.77444111732856,537.0
1.3003468697942417,103.77449284203631,538.0
1.3002645131334423,103.77454397453971,539.0
1.300185950849112,103.77458657021897,540.0
1.3001005688160654,103.77461131784901,541.0
1.3000221476577802,103.77463389301957,542.0
1.299944746147003,103.7746569711338,543.0
1.299873295294124,103.77467398807106,544.0
1.299805810278853,103.77468680486612,546.0
1.2997421195282568,103.77469102943196,547.0
1.299677198527377,103.77469680586717,548.0
1.2996002690621706,103.77471607761437,549.0
1.299516319564614,103.7747419742656,550.0
1.2994406582330496,103.77476747384911,551.0
1.2993782773805842,103.77478939702547,552.0
1.2993162300029755,103.77481437320085,553.0
1.2992583612788902,103.77486566420856,554.0
1.2992060455061396,103.77491733115721,555.0
1.2991535732067818,103.77497049926855,556.0
1.2991058862796832,103.77502276272432,557.0
1.2990580848623852,103.7750753582385,558.0
1.2990066002879828,103.77513765288286,559.0
1.2989459718308396,103.77521025232741,560.0
1.2989007411067797,103.77529166151646,561.0
1.2988621434049552,103.77536382424027,562.0
1.2988430626306402,103.77541514864274,563.0
1.2988319914063349,103.77546197354378,564.0
1.2988209998905211,103.77551935865726,565.0
1.2988126894528682,103.77557949650334,566.0
1.2988110036150402,103.77564319737621,567.0
1.2988111883254658,103.77570633693128,568.0
1.2988229147004713,103.77575507101717,569.0
1.2988308290590982,103.77578563256816,570.0
1.2988365797743968,103.77581300151978,571.0
1.2988414616559172,103.77583170163206,572.0
1.2988504920733226,103.77586096211473,573.0
1.2988614433482824,103.77589873990728,574.0
1.2988721180719345,103.77593755460273,575.0
1.2988784031551328,103.77596025889474,576.0
1.2988820866043447,103.77598040647977,577.0
1.298882180309901,103.77599888806854,578.0
1.298882180309901,103.77599888806854,579.0
1.298882180309901,103.77599888806854,580.0
1.298882180309901,103.77599888806854,581.0
1.298882180309901,103.77599888806854,582.0
1.298882180309901,103.77599888806854,583.0
1.298882180309901,103.77599888806854,584.0
1.298882180309901,103.77599888806854,585.0
1.298882180309901,103.77599888806854,586.0
1.298882180309901,103.77599888806854,587.0
1.298882180309901,103.77599888806854,588.0
1.298882180309901,103.77599888806854,589.0
1.2988863005520215,103.77602483966068,590.0
1.2988874285804037,103.77605244387382,591.0
1.2988849831020302,103.77607226532037,592.0
1.298879689311072,103.77609525335343,593.0
1.2988697418295339,103.77613030549846,594.0
1.2988518720346849,103.77618569267646,595.0
1.2988311207335554,103.77623849791016,596.0
1.2988051155556286,103.77630035501845,597.0
1.2987759962067162,103.77636479682049,598.0
1.2987455217570634,103.77642427850918,599.0
1.2987128746242864,103.77648184212504,600.0
1.2986796765465805,103.7765355990098,601.0
1.2986393295530276,103.77658943876158,602.0
1.2985974598522418,103.77664275758559,603.0
1.2985523214678296,103.77669115691653,604.0
1.29849369031915,103.77673230018777,606.0
1.2984263208734492,103.77677815123576,607.0
1.2983414695689584,103.77683788368157,608.0
1.2982596417694792,103.77689667174221,609.0
1.2981756381989469,103.77696390011573,610.0
1.2980886879939268,103.77704258729085,611.0
1.2980071569729983,103.77712283276611,612.0
1.2979247977983963,103.77721113299857,613.0
1.297852433512954,103.77729801122277,614.0
1.2977890810987185,103.77738521509501,615.0
1.2977338187859924,103.77747217645118,616.0
1.2976764599253798,103.77756582397089,617.0
1.2976299252889103,103.77764919433413,618.0
1.2975881935155573,103.77773211472226,619.0
1.2975645746074251,103.77782033754646,620.0
1.2975453187768338,103.77789329226006,621.0
1.297526441476669,103.7779579090866,622.0
1.2975097954410326,103.77800004532499,623.0
1.297499872088587,103.77802347825467,624.0
1.297499872088587,103.77802347825467,625.0
1.297499872088587,103.77802347825467,626.0
1.297499872088587,103.77802347825467,627.0
1.297499872088587,103.77802347825467,628.0
1.297499872088587,103.77802347825467,629.0
1.297499872088587,103.77802347825467,630.0
1.297499872088587,103.77802347825467,631.0
1.297499872088587,103.77802347825467,632.0
1.297499872088587,103.77802347825467,633.0
1.297499872088587,103.77802347825467,634.0
1.297499872088587,103.77802347825467,635.0
1.297499872088587,103.77802347825467,636.0
1.297499872088587,103.77802347825467,637.0
1.2974940945605802,103.77803652404708,638.0
1.2974861121561354,103.77805305113942,639.0
1.297473839186061,103.77807780747982,640.0
1.2974532908205005,103.7781082410405,641.0
1.2974253517426941,103.77815324706597,642.0
1.2974097845712267,103.77819056963497,643.0
1.2973896803615697,103.77823677348023,644.0
1.2973725613161948,103.77828203533342,645.0
1.2973606312946608,103.77833968204332,646.0
1.2973401432842322,103.77840709057294,647.0
1.2973163776984804,103.77848343062291,648.0
1.2972925224301117,103.77856604540946,649.0
1.2972667071685358,103.77865465931836,650.0
1.297242264111106,103.77873901001995,651.0
1.2972144870074553,103.77883131266658,652.0
1.2971848947712667,103.77892650462366,653.0
1.2971587370136202,103.7790528450976,654.0
1.29714340027809,103.77916987577048,655.0
1.2971374757334604,103.77930643232986,656.0
1.2971543380721784,103.77944664615201,657.0
1.2971771963387952,103.77958623555698,658.0
1.2972113553043731,103.77971556346368,659.0
1.297249802005263,103.77983599373972,660.0
1.2973221898959737,103.7800490367664,661.0
1.2973221898959737,103.7800490367664,662.0
1.2973506896429383,103.78014236138188,663.0
1.2973719949844735,103.78020058559781,664.0
1.297403934934969,103.78032978148897,665.0
1.297411833088367,103.78038587647029,666.0
1.297417437446319,103.78044201268041,667.0
1.2974264510944848,103.78049420362373,668.0
1.297435173098489,103.78054933044022,669.0
1.2974440273104877,103.78060408739739,670.0
1.297445436762814,103.78063263024818,671.0
1.297445436762814,103.78063263024818,672.0
1.297445436762814,103.78063263024818,673.0
1.297445436762814,103.78063263024818,674.0
1.297445436762814,103.78063263024818,675.0
1.297445436762814,103.78063263024818,676.0
1.297445436762814,103.78063263024818,677.0
1.297445436762814,103.78063263024818,678.0
1.297445436762814,103.78063263024818,679.0
1.297445436762814,103.78063263024818,680.0
1.297445436762814,103.78063263024818,681.0
1.297445436762814,103.78063263024818,682.0
1.297445436762814,103.78063263024818,683.0
1.297445436762814,103.78063263024818,684.0
1.297445436762814,103.78063263024818,685.0
1.297445436762814,103.78063263024818,686.0
1.297445436762814,103.78063263024818,687.0
1.297445436762814,103.78063263024818,688.0
1.297523031383855,103.78069454457165,689.0
1.297530286111304,103.78075101593642,690.0
1.2975299526238389,103.78080914169976,691.0
1.2975247546777537,103.78086127321018,693.0
1.2975201231929918,103.78092962425283,694.0
1.297519344408305,103.78100486868371,695.0
1.2975195498602505,103.78107804484118,696.0
1.297520931366137,103.78114227089236,697.0
1.2975188051817435,103.78119789496739,698.0
1.2975163650675314,103.78125272394202,699.0
1.2975080108918817,103.78131011166465,700.0
1.297494151372744,103.78137775354443,701.0
1.2974767598573322,103.78144506951374,702.0
1.2974519986986992,103.78150999863975,703.0
1.2974098905704472,103.7815775278431,704.0
1.297371065279395,103.78164242477362,705.0
1.2973365868169509,103.78170091151755,706.0
1.2972970912714141,103.78176086604421,707.0
1.2972559144855358,103.78182201445755,708.0
1.2972188635157287,103.78187607923397,709.0
1.297185098165859,103.78192351443364,710.0
1.2971517640117265,103.78197345553743,711.0
1.2971210235351958,103.78202163341919,712.0
1.297094723279514,103.78206224205572,713.0
1.2970655018810997,103.78210132231119,714.0
1.297039487255231,103.78213796289732,715.0
1.2970332855975968,103.78215931923413,716.0
1.2970210716145778,103.78218758428602,717.0
1.2970090544437014,103.78221524142607,718.0
1.297000234055178,103.78223600425707,719.0
1.296994330461352,103.78225309914266,720.0
1.296990535223364,103.78226945882531,721.0
1.2969824625315836,103.78229429564303,722.0
1.2969735632336128,103.78232083236497,723.0
1.2969615965896666,103.78235587507562,724.0
1.2969515189937102,103.78239999875711,725.0
1.296942801984335,103.78244840994535,726.0
1.296935161479593,103.7825046303605,727.0
1.2969285173209133,103.7825658858903,728.0
1.2969221133164908,103.7826283434876,729.0
1.2969152078183432,103.78269730852493,730.0
1.2969101071719291,103.78276336723039,731.0
1.29690444333792,103.78283757170655,732.0
1.2968919078024004,103.78292028906878,733.0
1.2968603539569352,103.7829852902426,734.0
1.2968287598742712,103.78304524395554,735.0
1.2967854241704606,103.78310957613466,736.0
1.2967374167895278,103.78317164506089,737.0
1.2966737491059463,103.78324575566768,738.0
1.2966068674459523,103.78332770132543,739.0
1.2965257986851402,103.78342254735507,740.0
1.2964402858119837,103.7835201875527,741.0
1.2963593255135628,103.78360820772824,742.0
1.2962818782504568,103.78368378898169,743.0
1.296206433757252,103.78374829271631,744.0
1.2961377298780894,103.78380033747115,745.0
1.2960716868368298,103.78385113185469,746.0
1.2959384374529748,103.78394427020856,747.0
1.2959384374529748,103.78394427020856,748.0
1.295845662105229,103.78400376229145,749.0
1.2958045945369743,103.78402814074207,750.0
1.2957701253346516,103.78404771584583,751.0
1.295724368453767,103.78407538912239,752.0
1.2956548597852247,103.7841152183948,753.0
1.2955827228171903,103.7841578208948,754.0
1.2955071965005311,103.78420104378694,755.0
1.295428631507492,103.78424532638078,756.0
1.2953492964090167,103.78429266700743,757.0
1.2952753315723886,103.78433984991553,758.0
1.2952074411208514,103.78438802738543,759.0
1.29514762261399,103.78443156582955,760.0
1.295088594717434,103.78447573924234,761.0
1.29505400029785,103.7845062588242,762.0
1.2950295192298886,103.78452907300007,763.0
1.2950103883501047,103.78454714821291,764.0
1.2949996256553336,103.78456266097743,766.0
1.2949996256553336,103.78456266097743,767.0
1.2949996256553336,103.78456266097743,768.0
1.2949996256553336,103.78456266097743,769.0
1.2949996256553336,103.78456266097743,770.0
1.2949996256553336,103.78456266097743,771.0
1.2949996256553336,103.78456266097743,772.0
1.2949996256553336,103.78456266097743,773.0
1.2949996256553336,103.78456266097743,774.0
1.2949996256553336,103.78456266097743,775.0
1.2949996256553336,103.78456266097743,776.0
1.2949996256553336,103.78456266097743,777.0
1.2949996256553336,103.78456266097743,778.0
1.2949996256553336,103.78456266097743,779.0
1.2949996256553336,103.78456266097743,780.0
1.2949996256553336,103.78456266097743,781.0
1.2949996256553336,103.78456266097743,782.0
1.2949996256553336,103.78456266097743,783.0
1.2949996256553336,103.78456266097743,784.0
1.2949996256553336,103.78456266097743,785.0
1.2949996256553336,103.78456266097743,786.0
1.2949996256553336,103.78456266097743,787.0
1.2949996256553336,103.78456266097743,788.0
1.2949996256553336,103.78456266097743,789.0
1.2949996256553336,103.78456266097743,790.0
1.2949996256553336,103.78456266097743,791.0
1.2949996256553336,103.78456266097743,792.0
1.2949996256553336,103.78456266097743,793.0
1.2949996256553336,103.78456266097743,794.0
1.2949996256553336,103.78456266097743,795.0
1.2949996256553336,103.78456266097743,796.0
1.2949996256553336,103.78456266097743,797.0
1.2949996256553336,103.78456266097743,798.0
1.2949996256553336,103.78456266097743,799.0
1.2949996256553336,103.78456266097743,800.0
1.2949996256553336,103.78456266097743,801.0
1.2949996256553336,103.78456266097743,802.0
1.2949996256553336,103.78456266097743,803.0
1.2949996256553336,103.78456266097743,804.0
1.2949996256553336,103.78456266097743,805.0
1.2949996256553336,103.78456266097743,806.0
1.2949996256553336,103.78456266097743,807.0
1.2949996256553336,103.78456266097743,808.0
1.2949996256553336,103.78456266097743,809.0
1.2949996256553336,103.78456266097743,810.0
1.2949996256553336,103.78456266097743,811.0
1.2949996256553336,103.78456266097743,812.0
1.2949996256553336,103.78456266097743,813.0
1.2949187202606793,103.78461982983423,814.0
1.2948899413872812,103.78463814158025,815.0
1.2948574601837526,103.78465482973722,816.0
1.2948174833358532,103.78466924687912,817.0
1.2947780213708573,103.78468655163803,818.0
1.2947368992667834,103.78470214668054,819.0
1.2946961548669282,103.78472166513521,820.0
1.2946351299817727,103.7847569753897,821.0
1.294578103092717,103.78479494803305,822.0
1.2945250779251551,103.78483284790191,823.0
1.294479602126939,103.78486459249112,824.0
1.294424182163456,103.78490012911318,825.0
1.2943663644700216,103.78493086591996,826.0
1.2942988060071698,103.78495252591428,827.0
1.2941335224335466,103.78498697939808,828.0
1.2940510797235345,103.7849988999979,829.0
1.293970349635535,103.78500913655189,830.0
1.2938912097079194,103.78502008767582,831.0
1.2938156540873278,103.78503014646347,832.0
1.2937433475821574,103.7850392293476,833.0
1.29368311611851,103.78505164751792,834.0
1.2936310888086087,103.78505806876221,836.0
1.293587039684828,103.78506955601567,837.0
1.293545209944746,103.78508067624726,838.0
1.2935149286349705,103.78509786837826,839.0
1.2934915516801204,103.78510437527433,840.0
1.2934756363259334,103.78511115449051,841.0
1.2934756363259334,103.78511115449051,842.0
1.2934756363259334,103.78511115449051,843.0
1.2934756363259334,103.78511115449051,844.0
1.2934756363259334,103.78511115449051,845.0
1.2934756363259334,103.78511115449051,846.0
1.2934756363259334,103.78511115449051,847.0
1.2934756363259334,103.78511115449051,848.0
1.2934756363259334,103.78511115449051,849.0
1.2934756363259334,103.78511115449051,850.0
1.2934756363259334,103.78511115449051,851.0
1.2934756363259334,103.78511115449051,852.0
1.2934756363259334,103.78511115449051,853.0
1.2934756363259334,103.78511115449051,854.0
1.2934756363259334,103.78511115449051,855.0
1.2934756363259334,103.78511115449051,856.0
1.2934756363259334,103.78511115449051,857.0
1.2934756363259334,103.78511115449051,858.0
1.2934756363259334,103.78511115449051,859.0
1.2934756363259334,103.78511115449051,860.0
1.2934756363259334,103.78511115449051,861.0
1.2934756363259334,103.78511115449051,862.0
1.2934756363259334,103.78511115449051,863.0
1.2934756363259334,103.78511115449051,864.0
1.2934756363259334,103.78511115449051,865.0
1.2934756363259334,103.78511115449051,866.0
1.2934756363259334,103.78511115449051,867.0
1.2934756363259334,103.78511115449051,868.0
1.2934756363259334,103.78511115449051,869.0
1.2934756363259334,103.78511115449051,870.0
1.2934756363259334,103.78511115449051,871.0
1.2934756363259334,103.78511115449051,872.0
1.2934756363259334,103.78511115449051,873.0
1.2934756363259334,103.78511115449051,874.0
1.2934756363259334,103.78511115449051,875.0
1.2934756363259334,103.78511115449051,876.0
1.2934756363259334,103.78511115449051,877.0
1.2934756363259334,103.78511115449051,878.0
1.2934756363259334,103.78511115449051,879.0
1.2934756363259334,103.78511115449051,880.0
1.2934756363259334,103.78511115449051,881.0
1.2934756363259334,103.78511115449051,882.0
1.2934756363259334,103.78511115449051,883.0
1.2934756363259334,103.78511115449051,884.0
1.2934756363259334,103.78511115449051,885.0
1.2934756363259334,103.78511115449051,886.0
1.2934756363259334,103.78511115449051,887.0
1.2934756363259334,103.78511115449051,888.0
1.2934756363259334,103.78511115449051,889.0
1.2934756363259334,103.78511115449051,890.0
1.2934756363259334,103.78511115449051,891.0
1.2934756363259334,103.78511115449051,892.0
1.2934756363259334,103.78511115449051,893.0
1.2934756363259334,103.78511115449051,894.0
1.2934756363259334,103.78511115449051,895.0
1.2934756363259334,103.78511115449051,896.0
1.2934756363259334,103.78511115449051,897.0
1.2934756363259334,103.78511115449051,898.0
1.2934756363259334,103.78511115449051,899.0
1.2934756363259334,103.78511115449051,900.0
1.2934756363259334,103.78511115449051,901.0
1.2934756363259334,103.78511115449051,902.0
1.2934756363259334,103.78511115449051,903.0
1.2934756363259334,103.78511115449051,904.0
1.2934756363259334,103.78511115449051,905.0
1.2934756363259334,103.78511115449051,906.0
1.2934756363259334,103.78511115449051,907.0
1.2934756363259334,103.78511115449051,908.0
1.2934756363259334,103.78511115449051,909.0
1.2934756363259334,103.78511115449051,910.0
1.2934756363259334,103.78511115449051,911.0
1.2934756363259334,103.78511115449051,912.0
1.2934756363259334,103.78511115449051,913.0
1.2934756363259334,103.78511115449051,914.0
1.2934756363259334,103.78511115449051,915.0
1.2934756363259334,103.78511115449051,916.0
1.2934756363259334,103.78511115449051,917.0
1.2934756363259334,103.78511115449051,918.0
1.2934756363259334,103.78511115449051,919.0
1.2934756363259334,103.78511115449051,920.0
1.2934756363259334,103.78511115449051,921.0
1.2934756363259334,103.78511115449051,922.0
1.2934756363259334,103.78511115449051,923.0
1.2934756363259334,103.78511115449051,925.0
1.2934756363259334,103.78511115449051,926.0
1.2934756363259334,103.78511115449051,927.0
1.2934756363259334,103.78511115449051,928.0
1.2934756363259334,103.78511115449051,929.0
1.2934756363259334,103.78511115449051,930.0
1.2934756363259334,103.78511115449051,931.0
1.2934756363259334,103.78511115449051,932.0
1.2934756363259334,103.78511115449051,933.0
1.2934756363259334,103.78511115449051,934.0
1.2934756363259334,103.78511115449051,935.0
1.2934756363259334,103.78511115449051,936.0
1.2934756363259334,103.78511115449051,937.0
1.2934756363259334,103.78511115449051,938.0
1.2934756363259334,103.78511115449051,939.0
1.2934756363259334,103.78511115449051,940.0
1.2934756363259334,103.78511115449051,941.0
1.2934756363259334,103.78511115449051,942.0
1.2934756363259334,103.78511115449051,943.0
1.2934756363259334,103.78511115449051,944.0
1.2934756363259334,103.78511115449051,945.0
1.2934756363259334,103.78511115449051,946.0
1.2934756363259334,103.78511115449051,947.0
1.2934756363259334,103.78511115449051,948.0
1.2934756363259334,103.78511115449051,949.0
1.2934756363259334,103.78511115449051,950.0
1.2934756363259334,103.78511115449051,951.0
1.2934756363259334,103.78511115449051,952.0
1.2934756363259334,103.78511115449051,953.0
1.2934756363259334,103.78511115449051,954.0
1.2934756363259334,103.78511115449051,955.0
1.2934756363259334,103.78511115449051,956.0
1.2934756363259334,103.78511115449051,957.0
1.2934756363259334,103.78511115449051,958.0
1.2934756363259334,103.78511115449051,959.0
1.2934756363259334,103.78511115449051,960.0
1.2934756363259334,103.78511115449051,961.0
1.2934756363259334,103.78511115449051,962.0
1.2934756363259334,103.78511115449051,963.0
1.2934756363259334,103.78511115449051,964.0
1.2934756363259334,103.78511115449051,965.0
1.2934756363259334,103.78511115449051,966.0
1.2934756363259334,103.78511115449051,967.0
1.2934756363259334,103.78511115449051,968.0
1.2934756363259334,103.78511115449051,969.0
1.2934251838107556,103.78517979589485,970.0
1.2934251838107556,103.78517979589485,971.0
1.293388464331028,103.78521373947852,972.0
1.2933485277877301,103.78523753077634,973.0
1.293299520497366,103.78525314945628,974.0
1.2932554277880985,103.78525935363474,975.0
1.2932059737139996,103.78526245365211,976.0
1.2931507834131688,103.78524745071832,977.0
1.293089100912795,103.78521552206496,978.0
1.2930182492477573,103.78516580907521,979.0
1.2929345985766745,103.78510200643738,980.0
1.2928574260700718,103.78503092058025,981.0
1.2927835090187745,103.78495623869186,982.0
1.292708844983698,103.78488223884573,983.0
1.2926267250289905,103.78480741494148,984.0
1.2925479403532099,103.78473249318056,985.0
1.2924692482758922,103.7846627233336,986.0
1.2923899034031994,103.78458189310955,987.0
1.292315195042024,103.78449406049681,988.0
1.2922371365506526,103.78440819037333,989.0
1.2921532133542517,103.78430896283835,990.0
1.2920772146201047,103.78422262619692,991.0
1.2920044827880632,103.7841459523435,992.0
1.2919399993874812,103.78407949559895,993.0
1.2918844016103892,103.7840161604573,994.0
1.2918524044763633,103.78398120780989,995.0
1.2918192963747472,103.78394853436862,996.0
1.291792083138531,103.78392351741259,997.0
1.291760390643846,103.78389645594068,998.0
1.2917377955484861,103.78387510956395,999.0
1.2917291660713064,103.7838496369778,1000.0
1.2917291660713064,103.7838496369778,1001.0
1.2917291660713064,103.7838496369778,1002.0
1.2917291660713064,103.7838496369778,1003.0
1.2917291660713064,103.7838496369778,1004.0
1.2916983751459432,103.78381418281575,1005.0
1.2916983751459432,103.78381418281575,1006.0
1.2916983751459432,103.78381418281575,1007.0
1.2916983751459432,103.78381418281575,1005.0
1.2916983751459432,103.78381418281575,1006.0
1.2916983751459432,103.78381418281575,1007.0
1.2916983751459432,103.78381418281575,1008.0
1.2916983751459432,103.78381418281575,1009.0
1.2916983751459432,103.78381418281575,1010.0
1.2916983751459432,103.78381418281575,1011.0
1.2916983751459432,103.78381418281575,1012.0
1.2916983751459432,103.78381418281575,1013.0
1.2916983751459432,103.78381418281575,1014.0
1.2916983751459432,103.78381418281575,1015.0
1.2916983751459432,103.78381418281575,1016.0
1.2916983751459432,103.78381418281575,1017.0
1.2916983751459432,103.78381418281575,1018.0
1.2916983751459432,103.78381418281575,1019.0
1.2916983751459432,103.78381418281575,1020.0
1.2916983751459432,103.78381418281575,1021.0
1.2916983751459432,103.78381418281575,1022.0
1.2916983751459432,103.78381418281575,1023.0
1.2916983751459432,103.78381418281575,1024.0
1.2916983751459432,103.78381418281575,1025.0