1023
1.2929841273709246,103.7747545945219,1.0
1.2929841273709246,103.7747545945219,2.0
1.2929841273709246,103.7747545945219,3.0
1.2929841273709246,103.7747545945219,4.0
1.292984233087184,103.77475887420817,5.0
1.2929842314723345,103.77475891858812,6.0
1.2929842314186182,103.77475891904115,7.0
1.2929842314179898,103.77475891904668,8.0
1.292990163683615,103.77475937291085,9.0
1.2929901699786837,103.77475938205937,10.0
1.2929901699942365,103.77475938215171,11.0
1.2929901699940953,103.77475938215264,12.0
1.2929967791743593,103.77476793926894,13.0
1.2929958660198255,103.77477573471188,14.0
1.292990337475635,103.77477876760338,15.0
1.2929825266426564,103.77478457460394,16.0
1.2929825266426564,103.77478457460394,17.0
1.2929686668426743,103.77477156385653,18.0
1.29294846717847,103.77474219837205,19.0
1.2929161485823246,103.77470619495834,20.0
1.2928594627356793,103.77468925121555,21.0
1.2928193009352749,103.77465111929787,22.0
1.292781321928863,103.77461229782749,23.0
1.2927350375119198,103.77457125746514,24.0
1.292689085336985,103.77453353069099,25.0
1.292649457051732,103.7745108867029,26.0
1.2926010576591007,103.77449736998605,27.0
1.2925495047557236,103.77449172519637,28.0
1.292500128594811,103.77449542127677,29.0
1.2924614283174873,103.77449834364086,30.0
1.2924215444438742,103.77449231335429,31.0
1.2924215444438742,103.77449231335429,32.0
1.2924215444438742,103.77449231335429,33.0
1.2924215444438742,103.77449231335429,34.0
1.2924215444438742,103.77449231335429,35.0
1.2924215444438742,103.77449231335429,36.0
1.2924215444438742,103.77449231335429,37.0
1.2924215444438742,103.77449231335429,38.0
1.2924215444438742,103.77449231335429,39.0
1.2924215444438742,103.77449231335429,40.0
1.2924215444438742,103.77449231335429,41.0
1.2924215444438742,103.77449231335429,42.0
1.2924215444438742,103.77449231335429,43.0
1.2924215444438742,103.77449231335429,44.0
1.2923248285174054,103.77445530411097,45.0
1.2923050627497985,103.77443160695043,46.0
1.292283123104737,103.77440251753593,47.0
1.2922676374897022,103.77437828420233,48.0
1.292257388275629,103.7743588340281,49.0
1.2922541637339864,103.77434367055008,50.0
1.2922541378175942,103.77432327878289,51.0
1.2922530660903653,103.77430277562304,52.0
1.2922633009803153,103.77427389918202,53.0
1.292278960141108,103.7742385936929,54.0
1.2923018453152015,103.7742089054661,55.0
1.2923018453152015,103.7742089054661,56.0
1.2923018453152015,103.7742089054661,57.0
1.2923362308115036,103.77416795489474,58.0
1.2923362308115036,103.77416795489474,59.0
1.2923755122740654,103.77410792765674,60.0
1.2923964748885695,103.7740825317422,61.0
1.2924143710197702,103.7740598498504,62.0
1.2924332996514813,103.77403989151293,63.0
1.2924621763652497,103.77402218169965,64.0
1.2924910510884795,103.77400021087158,65.0
1.2925120627023292,103.77396917419108,66.0
1.2925285454325384,103.77393873217349,67.0
1.2925637054294052,103.77389061192918,68.0
1.2926003889937259,103.77383758558327,70.0
1.2926367485472932,103.77378363534156,71.0
1.2926557346527927,103.77375257957435,72.0
1.2926837872235275,103.77372359699419,73.0
1.2927360378677337,103.77366731768417,74.0
1.2927718960674244,103.77359657821222,75.0
1.2927984966859876,103.77351415495208,76.0
1.2928336403101108,103.77344335583956,77.0
1.2928753394244135,103.77339253839774,78.0
1.2929086493575375,103.77335715441201,79.0
1.292942202220407,103.773316128292,80.0
1.2929792118103756,103.7732718712198,81.0
1.2930091197788778,103.77323398738667,82.0
1.2930216480680936,103.77320608508954,83.0
1.2930332990253903,103.77317219151055,84.0
1.2930508969399923,103.77313096761469,85.0
1.2930639170739062,103.77308545112857,86.0
1.2930773792672345,103.77303749830487,87.0
1.293091219987243,103.77299005331756,88.0
1.2931080174770853,103.77294479265711,89.0
1.2931197063441726,103.77291428492049,90.0
1.2931363028390224,103.77287689151781,91.0
1.2931570549841767,103.77283249586851,92.0
1.2931807713211136,103.77278078114622,93.0
1.2931933806587428,103.7727383023225,94.0
1.293208883927014,103.77270512964748,95.0
1.2932261796458782,103.7726688902588,96.0
1.293246132243691,103.77263303942416,97.0
1.2932647720789576,103.77259957494061,98.0
1.2932647720789576,103.77259957494061,99.0
1.2932647720789576,103.77259957494061,100.0
1.2932647720789576,103.77259957494061,101.0
1.2932647720789576,103.77259957494061,102.0
1.2932647720789576,103.77259957494061,103.0
1.2932647720789576,103.77259957494061,104.0
1.2932647720789576,103.77259957494061,105.0
1.2932647720789576,103.77259957494061,106.0
1.2932647720789576,103.77259957494061,107.0
1.2932647720789576,103.77259957494061,108.0
1.2932647720789576,103.77259957494061,109.0
1.2932810856010823,103.77256256806558,110.0
1.2932963971836886,103.77250858847438,111.0
1.2932963971836886,103.77250858847438,112.0
1.2933271354351317,103.77241550461312,113.0
1.2933388682377518,103.77237053927942,114.0
1.293348993666684,103.77232515736111,115.0
1.2933586637318901,103.7722794324048,116.0
1.2933605364309169,103.77225341312656,117.0
1.2933654203724219,103.77222492614618,118.0
1.2933720725690647,103.77219091105164,119.0
1.293377248964744,103.77216496457241,120.0
1.2933857245762252,103.77214031490455,121.0
1.293413799115411,103.77211946562427,122.0
1.293445099461594,103.77210507678946,123.0
1.2934902762419838,103.77209150775053,124.0
1.2935430313896565,103.77208993566806,125.0
1.2936002361631203,103.7721136493187,126.0
1.293658626668404,103.77214035253276,127.0
1.2937159010651162,103.77216812623138,128.0
1.2937456365052271,103.77218429548708,129.0
1.293784995376543,103.77220458303245,130.0
1.2938406068985873,103.77223200473524,131.0
1.2938907169994007,103.77226930079003,132.0
1.2939372798366073,103.77231059347906,133.0
1.2939756209422342,103.77234476897173,134.0
1.2940052485521647,103.77236942580555,135.0
1.294023341622013,103.77239208544249,136.0
1.294023341622013,103.77239208544249,137.0
1.294023341622013,103.77239208544249,138.0
1.294023341622013,103.77239208544249,139.0
1.294051701815881,103.77243032675447,141.0
1.2940733946936254,103.77245918044504,142.0
1.294097207353343,103.77249052379378,143.0
1.2941243466776782,103.77252536804706,144.0
1.294157934053955,103.77256568821858,145.0
1.294198930312361,103.77261195228773,146.0
1.294244963206206,103.77265832843099,147.0
1.294300939587161,103.7727104399146,148.0
1.2943591774090921,103.77275413081009,149.0
1.2944208648090623,103.77279351416512,150.0
1.2944872644398253,103.77282772171178,151.0
1.2945605947016336,103.77286122250133,152.0
1.2946306006860728,103.77289655332372,153.0
1.294707565261218,103.77293437353153,154.0
1.294757833918234,103.77296638111909,155.0
1.2948026548553826,103.77299504775372,156.0
1.294855577798873,103.77302633583543,157.0
1.2948862484103003,103.77306819828297,158.0
1.294914652163853,103.7731076848269,159.0
1.2949195999006278,103.77315225864548,160.0
1.2949284500704865,103.7731985414547,161.0
1.294928028012349,103.77325067017975,162.0
1.2949260010931545,103.77331033337911,163.0
1.2949211817043087,103.77336473631368,164.0
1.2949038731623355,103.77340512230042,165.0
1.2948761510660505,103.7734341169298,166.0
1.294858621777977,103.77345019356568,167.0
1.2948432765241318,103.7734632971242,168.0
1.2948432765241318,103.7734632971242,169.0
1.2947616168388596,103.77354666841539,170.0
1.2947167595378801,103.77359121045686,171.0
1.294673122153369,103.7736273133545,172.0
1.294624761165454,103.7736699368425,173.0
1.294596045842937,103.77370554590486,174.0
1.2945654980849568,103.77373627168795,175.0
1.2945654980849568,103.77373627168795,176.0
1.294501424824147,103.77379158036135,177.0
1.2944489912814598,103.77381293820315,178.0
1.2943912693130804,103.77380398638635,179.0
1.29434986350813,103.77379793046825,180.0
1.2943242985796668,103.77379380089087,181.0
1.294305404422483,103.77378683370517,182.0
1.294305404422483,103.77378683370517,183.0
1.294305404422483,103.77378683370517,184.0
1.294305404422483,103.77378683370517,185.0
1.294305404422483,103.77378683370517,186.0
1.294305404422483,103.77378683370517,187.0
1.294305404422483,103.77378683370517,188.0
1.294305404422483,103.77378683370517,189.0
1.294305404422483,103.77378683370517,190.0
1.294305404422483,103.77378683370517,191.0
1.294305404422483,103.77378683370517,192.0
1.294305404422483,103.77378683370517,193.0
1.294305404422483,103.77378683370517,194.0
1.294305404422483,103.77378683370517,195.0
1.294305404422483,103.77378683370517,196.0
1.294305404422483,103.77378683370517,197.0
1.294305404422483,103.77378683370517,198.0
1.2942950552479686,103.77377666353529,200.0
1.2942799767216688,103.77376069089262,201.0
1.2942599564108146,103.7737394331384,202.0
1.2942534169345277,103.77372203151201,203.0
1.2942541756456376,103.77368732440877,204.0
1.294252299395667,103.7736492750464,205.0
1.2942673936645805,103.77359987538158,206.0
1.294308031686186,103.7735628692512,207.0
1.2943480240384102,103.77352957220513,208.0
1.2943914213131995,103.77349326803284,209.0
1.2944387662388872,103.77345507343902,210.0
1.2944795163181178,103.773420109706,211.0
1.2945128069562664,103.77338898082544,212.0
1.2945374487612762,103.7733631550106,213.0
1.2945440436446345,103.77333059549065,214.0
1.2945331470742931,103.77329322921184,215.0
1.294517629052663,103.77325749305085,216.0
1.2945063313907743,103.77322111399484,217.0
1.2945059450385037,103.77317990991345,218.0
1.2945120834125274,103.77314394519644,219.0
1.2945267341667,103.77310365399349,220.0
1.294536553161642,103.77306500709884,221.0
1.2945360676125304,103.7730489868612,222.0
1.294529259467064,103.77302221854383,223.0
1.2945130459571377,103.77299435271867,224.0
1.2944952065195905,103.7729803560812,225.0
1.2944641345094303,103.77296512443525,226.0
1.2944243802625979,103.77294736451175,227.0
1.2943806833312732,103.77292371707058,228.0
1.294320251786286,103.77288087708237,229.0
1.2942710205314185,103.77284169222408,230.0
1.2941864947304267,103.77275762230494,231.0
1.2941696587592164,103.77273194243017,232.0
1.294160836832929,103.77271253557252,233.0
1.294165601108392,103.77270430843238,234.0
1.294172364180209,103.7726979964372,235.0
1.2941791544716141,103.77269342903159,236.0
1.2941706960573898,103.77267296287701,237.0
1.2941533357258594,103.77264713616438,238.0
1.2941303172906942,103.77261422410696,239.0
1.2940870748079174,103.7725611456121,240.0
1.2940379646178912,103.77250537850877,241.0
1.2939883761817215,103.7724535142776,242.0
1.293950206423564,103.77241767524241,243.0
1.2939331520990953,103.77240273772865,244.0
1.2939156707112744,103.77238984157475,245.0
1.2938693318648953,103.77236102994286,246.0
1.293812103301293,103.77232980248979,247.0
1.2937543307262076,103.77230236844782,248.0
1.2936942071567055,103.77227524541149,249.0
1.2936318461215668,103.77225028359328,250.0
1.2935876932428392,103.77223566587261,251.0
1.2935600830109226,103.77222493595912,252.0
1.293532081912303,103.77221457877535,253.0
1.2935077065831764,103.77220198855586,254.0
1.2934754058756668,103.77217201464074,255.0
1.2934544503357384,103.772136903211,256.0
1.2934447045664144,103.77209800489364,257.0
1.2934421891079146,103.7720544530483,258.0
1.2934433852661351,103.77200500439771,259.0
1.2934475023826475,103.77194971537178,261.0
1.293452283703243,103.77188631805828,262.0
1.2934611506162745,103.77181276032391,263.0
1.2934719104208316,103.77173546375997,264.0
1.293486771301049,103.77165313946807,265.0
1.2935088910688224,103.77156998960224,266.0
1.2935387140078953,103.77148823935734,267.0
1.2935703201754338,103.77141435152946,268.0
1.2936141860752444,103.7713271011268,269.0
1.293669143387616,103.7712347826405,270.0
1.293726943582124,103.77115021411835,271.0
1.2937977703196533,103.77106173477455,272.0
1.293877574459496,103.77097368378705,273.0
1.2939651076924168,103.7708891390052,274.0
1.2940508858886133,103.7708185646441,275.0
1.2941379182889028,103.7707581631331,276.0
1.2942216499161512,103.77071459876981,277.0
1.2942902498134976,103.77068278735923,278.0
1.294374959042103,103.77064869485584,279.0
1.29446212148296,103.77062194667124,280.0
1.294541139549569,103.77060300744489,281.0
1.2946295402516526,103.77058898417822,282.0
1.2947076861303164,103.77058576787276,283.0
1.2947859288240449,103.77058672624369,284.0
1.2949326257980325,103.77059324812984,285.0
1.2950013216531282,103.77059727836836,286.0
1.2950680346003773,103.77060336521323,287.0
1.295131358020562,103.7706053149559,288.0
1.295188052906989,103.77061242128543,289.0
1.2952264732772714,103.77062035358773,290.0
1.2952544390364322,103.77063146767883,291.0
1.295273918409129,103.7706381043115,292.0
1.2952740015427522,103.77063812173242,293.0
1.2952751058598242,103.77063846745145,294.0
1.2952751180192936,103.77063847088127,295.0
1.2952751181209416,103.77063847090598,296.0
1.2952751181225586,103.77063847090635,297.0
1.295275118122584,103.77063847090635,298.0
1.2952751181225843,103.77063847090635,299.0
1.2952751181225843,103.77063847090635,300.0
1.2952776838883018,103.77063826811157,301.0
1.2953154517965162,103.77064584475276,302.0
1.2953394909254927,103.77065471187174,303.0
1.295367649730577,103.77067083732271,304.0
1.2953991141743166,103.77069099842306,305.0
1.2954285969402946,103.77071167034511,306.0
1.2954691324743333,103.77074026858227,308.0
1.2955056632332802,103.77075997452805,309.0
1.2955511765268866,103.77078039132405,310.0
1.2956023278191975,103.77080196432168,311.0
1.2956483967663164,103.77082000404563,312.0
1.2956952941194564,103.77083687072732,313.0
1.2957400358017905,103.77085088404795,314.0
1.2957715889867119,103.77085969510644,315.0
1.2958130600805193,103.77086970927562,316.0
1.295884758386746,103.77088347047017,317.0
1.295918259835474,103.77088864204099,318.0
1.2959350917074777,103.77089069178058,319.0
1.2959502817512354,103.77089201018663,320.0
1.2959672578346373,103.77089347366265,321.0
1.295979022237627,103.770894537731,322.0
1.29598486519935,103.7708950589196,323.0
1.2959848660083209,103.77089505900501,324.0
1.2959848660184954,103.77089505900699,325.0
1.2959848660186781,103.770895059007,326.0
1.2959848660186815,103.770895059007,327.0
1.2959848660186815,103.770895059007,328.0
1.2959848660186815,103.770895059007,329.0
1.2959848660186815,103.770895059007,330.0
1.2959848660186815,103.770895059007,331.0
1.2959848660186815,103.770895059007,332.0
1.2959848660186815,103.770895059007,333.0
1.2959848660186815,103.770895059007,334.0
1.2959848660186815,103.770895059007,335.0
1.2959869926499503,103.77089510092402,336.0
1.295988998425248,103.77089507170706,337.0
1.295988998613619,103.77089507168705,338.0
1.2959889986153086,103.77089507168682,339.0
1.2959889986153266,103.77089507168682,340.0
1.2959889986153268,103.77089507168682,341.0
1.2959889986153268,103.77089507168682,342.0
1.2959889986153268,103.77089507168682,343.0
1.2959889986153268,103.77089507168682,344.0
1.2959889986153268,103.77089507168682,345.0
1.2959889986153268,103.77089507168682,346.0
1.2959889986153268,103.77089507168682,347.0
1.2959889986153268,103.77089507168682,348.0
1.2959914387734661,103.77089486818222,349.0
1.2959914656399945,103.77089486607889,350.0
1.295991465933858,103.7708948660486,351.0
1.2959914659369942,103.7708948660482,352.0
1.295994479266182,103.77089424875878,353.0
1.2959945076104205,103.77089424101473,354.0
1.2959945078787658,103.77089424091672,355.0
1.2959945078813275,103.77089424091558,356.0
1.2959945078813515,103.77089424091557,357.0
1.2959945078813517,103.77089424091557,358.0
1.2959945078813517,103.77089424091557,359.0
1.2959945078813517,103.77089424091557,360.0
1.2959945078813517,103.77089424091557,361.0
1.2959945078813517,103.77089424091557,362.0
1.2959945078813517,103.77089424091557,363.0
1.2959945078813517,103.77089424091557,364.0
1.2959945078813517,103.77089424091557,365.0
1.2959945078813517,103.77089424091557,366.0
1.2959945078813517,103.77089424091557,367.0
1.2959945078813517,103.77089424091557,368.0
1.2959945078813517,103.77089424091557,369.0
1.2959945078813517,103.77089424091557,371.0
1.2959945078813517,103.77089424091557,372.0
1.2959945078813517,103.77089424091557,373.0
1.2959945078813517,103.77089424091557,374.0
1.2959945078813517,103.77089424091557,375.0
1.2959945078813517,103.77089424091557,376.0
1.2959945078813517,103.77089424091557,377.0
1.2959945078813517,103.77089424091557,378.0
1.2959945078813517,103.77089424091557,379.0
1.2960053777593292,103.77089433110899,380.0
1.2960436296110975,103.77089679388833,381.0
1.29611701942126,103.77090514634438,382.0
1.2961476622138723,103.77091012295051,383.0
1.296177380206643,103.77091806521922,384.0
1.296209471616304,103.7709388606506,385.0
1.296235198976607,103.7709664269238,386.0
1.296255187241891,103.77099819942144,387.0
1.2962723376364187,103.7710385409555,388.0
1.2962837449469002,103.77107108736632,389.0
1.2962911142109803,103.77113433035909,390.0
1.2962903424875154,103.77119508922073,391.0
1.2962932700998928,103.77126091993607,392.0
1.2962922135788502,103.77132995744618,393.0
1.2962889918848455,103.77139761632951,394.0
1.296289432826102,103.77146906044884,395.0
1.2962961314576014,103.77154068352802,396.0
1.2963006382610016,103.77161009991553,397.0
1.296309075829079,103.77167784076624,398.0
1.2963218696706227,103.77175469945907,399.0
1.2963517984780848,103.77182896289156,400.0
1.2963832282865475,103.77189662873602,401.0
1.2964581286849524,103.77200457659504,402.0
1.2965147419462275,103.77206816662421,403.0
1.2965777811297752,103.7721313668365,404.0
1.296636141121764,103.77218763944371,405.0
1.2966974284580666,103.7722500053845,406.0
1.2967643084145015,103.77231393559518,407.0
1.296831423360097,103.77237616211127,408.0
1.2968951330130998,103.77242256375177,409.0
1.2969558192148274,103.77246721045258,410.0
1.297005267762408,103.77250424177252,411.0
1.2970394743211195,103.77253318000774,412.0
1.2970735403224964,103.77256565874202,413.0
1.2971055874886641,103.77260640914515,414.0
1.2971286211012243,103.77264442691217,415.0
1.2971286211012243,103.77264442691217,416.0
1.2971286211012243,103.77264442691217,417.0
1.2971286211012243,103.77264442691217,418.0
1.2971286211012243,103.77264442691217,419.0
1.2971286211012243,103.77264442691217,420.0
1.2971286211012243,103.77264442691217,421.0
1.2971286211012243,103.77264442691217,422.0
1.2971286211012243,103.77264442691217,423.0
1.2971286211012243,103.77264442691217,424.0
1.2971286211012243,103.77264442691217,425.0
1.2971286211012243,103.77264442691217,426.0
1.2971286211012243,103.77264442691217,427.0
1.2971286211012243,103.77264442691217,428.0
1.2971286211012243,103.77264442691217,429.0
1.2971286211012243,103.77264442691217,430.0
1.2971286211012243,103.77264442691217,431.0
1.2971676103709746,103.77270666374096,432.0
1.2971676103709746,103.77270666374096,433.0
1.2972073244879578,103.77274262137962,434.0
1.2972407167040003,103.77277880007743,435.0
1.2972712659187853,103.77281468625013,436.0
1.2973196347716542,103.77285863643264,437.0
1.2973698064636079,103.77290291132078,439.0
1.2974286575370497,103.77293355618941,440.0
1.2974896960068725,103.77296322201168,441.0
1.2975511427898894,103.77299006442252,442.0
1.2976217193727926,103.77301822156134,443.0
1.297693973821039,103.77305572752783,444.0
1.2977696796638472,103.77308502051385,445.0
1.2978447433512579,103.77312742313748,446.0
1.2979078739780583,103.77317659449908,447.0
1.2979628313790363,103.77323854702071,448.0
1.298015710982445,103.77329188786649,449.0
1.2980729660639114,103.77335413831463,450.0
1.2981307544424856,103.77341925514875,451.0
1.2981806499296373,103.77348595762705,452.0
1.298225629264115,103.77354683981955,453.0
1.2982734519787413,103.7736144890178,454.0
1.2983234620866329,103.77367954146685,455.0
1.2983701171322464,103.77373453135195,456.0
1.298418845949066,103.77378810130405,457.0
1.2984668688930274,103.77383723644905,458.0
1.2985228742348454,103.77386903432472,459.0
1.2985775595179452,103.77390185725771,460.0
1.2986353393666858,103.7739471200424,461.0
1.2987048980059352,103.77400383895385,462.0
1.298780912213643,103.77406177226342,463.0
1.29885975950222,103.77411632302288,464.0
1.2989361017119088,103.77416931154515,465.0
1.2990012534992883,103.7742101269085,466.0
1.299053254315936,103.77424113625264,467.0
1.2991087917153805,103.77427419314134,468.0
1.2991697226715957,103.77430867387032,469.0
1.29922596205334,103.77434209786311,470.0
1.2992864224803133,103.77437745863027,471.0
1.2993522560130935,103.7744048732714,472.0
1.299429911767443,103.77442790687459,473.0
1.2995049387943571,103.77444697490581,474.0
1.2995835092658192,103.77446801277189,475.0
1.299652651431344,103.77448704932014,476.0
1.2997232466325594,103.77450481133417,477.0
1.2998005789095621,103.77451781187794,478.0
1.2998793484659055,103.77452927251004,479.0
1.2999468468083948,103.77451671242176,480.0
1.3000738239683043,103.77448358866194,481.0
1.3001431239579746,103.77446233937063,482.0
1.3001988477603088,103.77442556026224,483.0
1.3002574000040619,103.77438480553766,484.0
1.3003050354202226,103.774355962923,485.0
1.3003485195490554,103.7743292000955,486.0
1.300384900838505,103.77429429661872,487.0
1.300424119643147,103.77425470205539,488.0
1.3004688845665038,103.77421412393466,489.0
1.3004688845665038,103.77421412393466,490.0
1.3005577092333218,103.77409780127942,491.0
1.3005971360739836,103.77403605601553,492.0
1.3006248740977877,103.77399493129336,493.0
1.3006481327045145,103.77395760376253,494.0
1.3006798406573425,103.77390817171347,495.0
1.3007130954290957,103.7738567423906,496.0
1.3007455575165305,103.77380618728452,497.0
1.3007784541292375,103.77374766889919,498.0
1.300813007470363,103.77368371602151,499.0
1.3008410432730826,103.77363111358052,500.0
1.3008642395216126,103.77358375532808,501.0
1.3008922600711863,103.7735167869527,502.0
1.300917539107409,103.77344153102462,503.0
1.3009378014908786,103.7733679585891,504.0
1.3009538008473136,103.77330249058417,505.0
1.3009617777595608,103.77325741050677,506.0
1.3009794430812047,103.773220319661,507.0
1.30099729218653,103.7731977048137,508.0
1.3010240668745985,103.77317689240685,509.0
1.3010530124148576,103.77316511914032,510.0
1.301076698605023,103.77316239240785,511.0
1.301092911394736,103.77316431617625,513.0
1.30111040439953,103.77318044376791,514.0
1.3011185923776323,103.77320266036457,515.0
1.3011216826173946,103.77322401148433,516.0
1.3011180118209338,103.7732452799064,517.0
1.3011147525569253,103.77326208938074,518.0
1.3011147525569253,103.77326208938074,519.0
1.3011076270974475,103.7732949207552,520.0
1.3011043020203588,103.7733184072896,521.0
1.3011008977502363,103.77335083357758,522.0
1.3011008977502363,103.77335083357758,523.0
1.3010953477114597,103.77338155477369,524.0
1.3010893357020608,103.7734186076532,525.0
1.3010849636413433,103.77345558867978,526.0
1.3010793360728263,103.77348583871343,527.0
1.3010760071948504,103.77351956849319,528.0
1.3010692044583732,103.77354413601685,529.0
1.3010692044583732,103.77354413601685,530.0
1.3010692044583732,103.77354413601685,531.0
1.3010692044583732,103.77354413601685,532.0
1.3010692044583732,103.77354413601685,533.0
1.3010692044583732,103.77354413601685,534.0
1.3010692044583732,103.77354413601685,535.0
1.3010692044583732,103.77354413601685,536.0
1.3010692044583732,103.77354413601685,537.0
1.301057258987197,103.77356269542472,538.0
1.301057258987197,103.77356269542472,539.0
1.301057258987197,103.77356269542472,540.0
1.301057258987197,103.77356269542472,541.0
1.301057258987197,103.77356269542472,542.0
1.301057258987197,103.77356269542472,543.0
1.301057258987197,103.77356269542472,544.0
1.301057258987197,103.77356269542472,545.0
1.301057258987197,103.77356269542472,546.0
1.301057258987197,103.77356269542472,547.0
1.301057258987197,103.77356269542472,548.0
1.301057258987197,103.77356269542472,549.0
1.301057258987197,103.77356269542472,550.0
1.301057258987197,103.77356269542472,551.0
1.301057258987197,103.77356269542472,552.0
1.3010348640521883,103.77362393630781,553.0
1.3010173538411423,103.77366652256073,554.0
1.3010001251729906,103.77370782671561,555.0
1.3009763924717148,103.77375829985715,556.0
1.3009504836248167,103.77380560577573,557.0
1.30092127585314,103.7738594450863,558.0
1.3008904013573257,103.77392124564427,559.0
1.300848456308433,103.77399553791366,560.0
1.3008236121227477,103.77403972762883,561.0
1.3007933008723522,103.77409247900896,562.0
1.3007881909904055,103.77415183846963,563.0
1.3007863811636091,103.77420026179004,564.0
1.300797746994567,103.7742339353349,565.0
1.300808582374538,103.77425956167559,566.0
1.3008207405877512,103.774286653102,568.0
1.3008322494717086,103.77431132907047,569.0
1.3008477875740132,103.77433887778913,570.0
1.300865760009245,103.77436281402612,571.0
1.3008992746939358,103.77439634087101,572.0
1.3009438454538051,103.77443240285466,573.0
1.3009954486478605,103.77446551205661,574.0
1.3010554593551311,103.77448902421698,575.0
1.3011279660374342,103.77449710614123,576.0
1.301200340423688,103.77450705389604,577.0
1.3012885090240904,103.77451294507156,578.0
1.3013736359407506,103.77447169824222,579.0
1.3014647223450555,103.77442803634516,580.0
1.3015584855771098,103.77438318994683,581.0
1.3016571626384537,103.77433503107595,582.0
1.3017553125972703,103.77428864726728,583.0
1.3018563245271486,103.77424081567821,584.0
1.3019519690557437,103.77419277881167,585.0
1.3020442221590842,103.77414575685339,586.0
1.3021290773144736,103.77409693233147,587.0
1.302225551336088,103.77404968430055,588.0
1.3023133834847989,103.77401074069897,589.0
1.3023884650949331,103.77397949571181,590.0
1.3024644367187062,103.77395284327707,591.0
1.3025467811632447,103.77392947456458,592.0
1.302634659960246,103.7739197315683,593.0
1.3027169393768434,103.77390770585474,594.0
1.3027891788455244,103.77390083449215,595.0
1.3028602808999181,103.77390263884072,596.0
1.3029379326760566,103.77390679910373,597.0
1.3029955558154915,103.77392478357397,598.0
1.3030443133180007,103.77394333637528,599.0
1.3031034508127353,103.77396904183738,600.0
1.3031034508127353,103.77396904183738,601.0
1.3031034508127353,103.77396904183738,602.0
1.3031034508127353,103.77396904183738,603.0
1.3031034508127353,103.77396904183738,604.0
1.3031421825011251,103.77401022066752,605.0
1.3031849545761818,103.77403295377528,606.0
1.303219389207407,103.77405833662817,607.0
1.3032493572817503,103.77408306868517,608.0
1.3032836713033342,103.77412193613458,609.0
1.3033146470277017,103.77415176049051,610.0
1.3033301164900135,103.77416284584349,611.0
1.3033386993672205,103.77418953047749,612.0
1.3033536213486896,103.77423970396109,613.0
1.303373712203661,103.77428129278434,614.0
1.3033985865641722,103.7743169405963,615.0
1.3033985865641722,103.7743169405963,616.0
1.3033985865641722,103.7743169405963,617.0
1.3034809012286748,103.77441719831872,618.0
1.3035047917599758,103.77444217187674,619.0
1.3035175254167368,103.77446215869244,620.0
1.3035175254167368,103.77446215869244,621.0
1.3035175254167368,103.77446215869244,622.0
1.3035175254167368,103.77446215869244,623.0
1.3035175254167368,103.77446215869244,624.0
1.3035175254167368,103.77446215869244,626.0
1.3035175254167368,103.77446215869244,627.0
1.3035175254167368,103.77446215869244,628.0
1.3035175254167368,103.77446215869244,629.0
1.3035175254167368,103.77446215869244,630.0
1.3035175254167368,103.77446215869244,631.0
1.3035175254167368,103.77446215869244,632.0
1.3035175254167368,103.77446215869244,633.0
1.3035175254167368,103.77446215869244,634.0
1.3035175254167368,103.77446215869244,635.0
1.3035175254167368,103.77446215869244,636.0
1.3035175254167368,103.77446215869244,637.0
1.3035175254167368,103.77446215869244,638.0
1.3035175254167368,103.77446215869244,639.0
1.3035175254167368,103.77446215869244,640.0
1.3035175254167368,103.77446215869244,641.0
1.3035175254167368,103.77446215869244,642.0
1.3035175254167368,103.77446215869244,643.0
1.3035175254167368,103.77446215869244,644.0
1.3035175254167368,103.77446215869244,645.0
1.3035175254167368,103.77446215869244,646.0
1.3035175254167368,103.77446215869244,647.0
1.3035175254167368,103.77446215869244,648.0
1.3035175254167368,103.77446215869244,649.0
1.3035254526555364,103.77458763105318,650.0
1.3035254526555364,103.77458763105318,651.0
1.3035110060332917,103.7746376367823,652.0
1.3034815021282296,103.77471078623866,653.0
1.3034719792583298,103.7747503106377,654.0
1.3034643835168984,103.77479525146789,655.0
1.303464168802316,103.77486516363658,656.0
1.3034620631646694,103.77493290950032,657.0
1.303459908026098,103.77500028443725,658.0
1.3034598098215615,103.77506436615626,659.0
1.3034596091505415,103.77513448099305,660.0
1.3034689363440948,103.77518471433208,661.0
1.303481259317457,103.77523513923268,662.0
1.3034887276929157,103.77530399397835,663.0
1.3034990716898154,103.77537517828286,664.0
1.3035102946237314,103.77543754603794,665.0
1.3035218842957261,103.77549054823197,666.0
1.3035365369379521,103.77551982212574,667.0
1.3035507652680813,103.77553602928245,668.0
1.3035507652680813,103.77553602928245,669.0
1.3035936118040492,103.77558259461222,670.0
1.3036310684924648,103.77561536394488,671.0
1.3036768102117293,103.77565202798257,672.0
1.3037325702668618,103.77567611329178,673.0
1.3037751365748191,103.77570393720879,674.0
1.3038030649051462,103.77573295672205,675.0
1.3038154748587265,103.77576252855253,676.0
1.3038199889829827,103.7757953208674,677.0
1.3038199889829827,103.7757953208674,678.0
1.3038199889829827,103.7757953208674,679.0
1.3038199889829827,103.7757953208674,680.0
1.3038199889829827,103.7757953208674,682.0
1.3037676885479457,103.77579886283482,683.0
1.3037676885479457,103.77579886283482,684.0
1.3037676885479457,103.77579886283482,685.0
1.303723065406946,103.77575270169244,686.0
1.303689184804277,103.77568477842631,687.0
1.3036713617310236,103.77562037851277,688.0
1.3036503857154382,103.77555309341994,689.0
1.3036282853096512,103.77547319173392,690.0
1.3035924517376378,103.77539404652565,691.0
1.3035507987793864,103.77530309721818,692.0
1.3035223373351579,103.77521533873683,693.0
1.3035094561010843,103.77512154565886,694.0
1.3034989894754552,103.7750331903146,695.0
1.3034879516063282,103.7749574817062,696.0
1.3034729343109062,103.77487685919284,697.0
1.30345773760606,103.77480279865404,698.0
1.3034427966623439,103.77472634955217,699.0
1.3034289486633248,103.77464375602409,700.0
1.303423713620945,103.77456010266978,701.0
1.3034160056569846,103.77448409304841,702.0
1.3034077524582444,103.77441325294532,703.0
1.303391709356671,103.77434983118432,704.0
1.3033677561196244,103.77430480085586,705.0
1.3033455392046223,103.77427195831517,706.0
1.3033207574089039,103.7742461116331,707.0
1.3032958103081542,103.77422468090802,708.0
1.303275601590163,103.77420319925955,709.0
1.303275601590163,103.77420319925955,710.0
1.3032452911585275,103.7741831430027,711.0
1.3032452911585275,103.7741831430027,712.0
1.3032452911585275,103.7741831430027,713.0
1.3032452911585275,103.7741831430027,714.0
1.3032452911585275,103.7741831430027,715.0
1.3031302333568013,103.77412389940554,716.0
1.3030830936597129,103.77410255380221,717.0
1.303025733366558,103.77407980882796,718.0
1.3029588607036036,103.77405264915475,719.0
1.3028755685914568,103.77402806015732,720.0
1.3027880138918884,103.77401293868986,721.0
1.3027007877243066,103.77400281541703,722.0
1.302603770492332,103.77400634127291,723.0
1.3025102196320664,103.77402287168002,724.0
1.302424663470338,103.77405148372614,725.0
1.3023356495941298,103.7740854526701,726.0
1.3022406707123033,103.77412313580122,727.0
1.3021401814324844,103.77416640748892,728.0
1.3020407309875934,103.77421065531976,729.0
1.3019429774707527,103.77425476740179,730.0
1.3018461041557683,103.7743053821036,731.0
1.3017521030439199,103.77435939502783,733.0
1.301660912746162,103.77440622987876,734.0
1.3015715354707145,103.77445515363158,735.0
1.301477929095329,103.77449775630282,736.0
1.3013972832966976,103.77452872682022,737.0
1.3013198014591485,103.77454854543497,738.0
1.3012344404777278,103.77455549830682,739.0
1.3011592285368068,103.77455591821972,740.0
1.3010928195402522,103.77455212040735,741.0
1.3010411839748603,103.77454290347202,742.0
1.3009907217255037,103.77453073340205,743.0
1.300943024965551,103.77452073370365,744.0
1.3009000309877834,103.77450182817462,745.0
1.3008576576066302,103.7744833874531,746.0
1.3008237275618488,103.77446963744411,747.0
1.300798936818817,103.77445161456838,748.0
1.3007682424285292,103.77443115199075,749.0
1.3007344006354071,103.77440872321328,750.0
1.3006988732260092,103.77438525655892,751.0
1.3006438060213716,103.77438415284428,752.0
1.3005831780529418,103.7743841405019,753.0
1.3005222810658574,103.7744124969634,754.0
1.300455018446919,103.77445138680729,755.0
1.300379216702646,103.77449547496795,756.0
1.300312048707052,103.77453514792393,757.0
1.3002331805982337,103.77456890455477,758.0
1.3001583591681638,103.77460053819509,759.0
1.300081594221108,103.77462759355093,760.0
1.3000083257709851,103.77465477913387,761.0
1.2999380550977468,103.77468662417041,762.0
1.299866673474492,103.7747175955363,763.0
1.29622542739046,103.77222872979553,854.0
1.2962977259934443,103.77220378600087,855.0
1.296333744168797,103.77226012112186,856.0
1.2963079234467816,103.77223050599515,857.0
1.2962827477095946,103.77217970533931,858.0
1.2962386196083653,103.77216210617564,859.0
1.2962361588953306,103.77215116066196,860.0
1.2962187023626712,103.77214909097073,861.0
1.296211070072036,103.77213878878543,862.0
1.2962397237516563,103.77213198971347,863.0
1.2962783051948001,103.77211838505528,864.0
1.2962860172567336,103.77209342705615,865.0
1.2962851218217117,103.77205163827945,866.0
1.2962793799682664,103.77202117180299,867.0
1.296255550931275,103.77195884824192,868.0
1.296239230407392,103.77188047617666,869.0
1.2962229878974048,103.77181340981555,870.0
1.2962204390633918,103.7717478383126,871.0
1.2962132292212545,103.77168318629215,873.0
1.29620296030607,103.77161360814209,874.0
1.2961946680727772,103.7715380142659,875.0
1.2961915615576964,103.77145670594977,876.0
1.2961890314662043,103.77139225093381,877.0
1.2961899520364935,103.77133617989203,878.0
1.296194656766294,103.77128484586919,879.0
1.2961990517280417,103.7712449646933,880.0
1.2962039197034465,103.77121090108416,881.0
1.2962090959820922,103.77117322921272,882.0
1.2962147943194733,103.77113970061289,883.0
1.2962117048262558,103.77110796336505,884.0
1.296207615842172,103.77107500273586,885.0
1.2961942417251608,103.77104378334975,886.0
1.2961629746474634,103.77100759421515,887.0
1.2961157885267938,103.77096702476184,888.0
1.2960507488572919,103.77095315873572,889.0
1.295990885441483,103.7709414439627,890.0
1.2959268121464997,103.77092629160275,891.0
1.2958529622277735,103.77089990585267,892.0
1.2957862289615973,103.7708772059253,893.0
1.2957237531948034,103.77085186827665,894.0
1.2956531432826128,103.77081774889898,895.0
1.295581186700029,103.77078372809888,896.0
1.2955096976935896,103.77074275193094,897.0
1.295440776408487,103.77069893915132,898.0
1.295371102165237,103.77066680415942,899.0
1.295289897618325,103.77063340251269,900.0
1.2952048956364883,103.77060953839917,901.0
1.295123454106621,103.77058436472879,902.0
1.2950458958276851,103.7705643890219,903.0
1.294971912677621,103.77054694197363,904.0
1.2948945470313733,103.77053530375068,905.0
1.2948025396687908,103.77053476372032,906.0
1.2947122779478006,103.7705358452888,907.0
1.2945374863700017,103.77055593523711,908.0
1.2945374863700017,103.77055593523711,909.0
1.2943818990212268,103.77059796208883,910.0
1.2943064121934422,103.77062671514028,911.0
1.2942352902361978,103.77066616743242,912.0
1.2941503585812029,103.77071915333786,913.0
1.2940733477109592,103.77077140790983,914.0
1.2939990422538379,103.77082643561305,915.0
1.2939248048655505,103.77089028811348,916.0
1.2938567170527497,103.77095836925385,917.0
1.2938104518324078,103.77103820355694,918.0
1.293762280565799,103.7711233946431,919.0
1.2937109849747979,103.77121355789227,920.0
1.2936611096991484,103.77129943690579,921.0
1.2936139787447258,103.77138815815377,922.0
1.2935746618822082,103.77147236761695,923.0
1.29353851590521,103.77155426260559,924.0
1.2935111667806567,103.77162579761568,925.0
1.293487641803927,103.771693204666,926.0
1.2934696479470855,103.7717517686947,927.0
1.2934573672770584,103.77180128262837,928.0
1.2934527649867225,103.77183757691736,929.0
1.2934485421537942,103.77187034022994,930.0
1.293444307844323,103.7719064886134,931.0
1.2934405346349183,103.77194031415289,932.0
1.2934367779565106,103.77197182077543,933.0
1.29343505216338,103.77199546455516,934.0
1.2934392229380458,103.77201770902349,935.0
1.2934546203990522,103.77204276344064,936.0
1.2934844205188167,103.77206752389591,937.0
1.2935291300597793,103.77208614029556,938.0
1.2935714170208477,103.7720999501737,940.0
1.2936024598265101,103.77211355597277,941.0
1.2936348401250441,103.77213289698423,942.0
1.293676543260069,103.77215611305458,943.0
1.2937158485474636,103.77217519260246,944.0
1.2937665234842108,103.77220433763195,945.0
1.2938039488237099,103.77222905635848,946.0
1.2938344326912203,103.77224886441259,947.0
1.2938609225285402,103.77226439052772,948.0
1.2938833009280934,103.77228114865702,949.0
1.2939156631789315,103.77231274912323,950.0
1.2939543838040357,103.77235886880146,951.0
1.2939866815712062,103.77240033065203,952.0
1.2940207565142356,103.77244436186287,953.0
1.2940467795243165,103.77247905090528,954.0
1.2940467795243165,103.77247905090528,955.0
1.2940467795243165,103.77247905090528,956.0
1.2940467795243165,103.77247905090528,957.0
1.294073550636528,103.77251317856181,958.0
1.2940917785504278,103.77253323395726,959.0
1.2941145729598862,103.772557008312,960.0
1.294140744240008,103.7725826040703,961.0
1.294173588418964,103.77261398886647,962.0
1.2942152159443179,103.77266205319928,963.0
1.2942558441499907,103.77270753072165,964.0
1.2943055400502446,103.77274990663238,965.0
1.29435561305551,103.7727863852502,966.0
1.2944098724695792,103.77282150212193,967.0
1.2944677013413792,103.77284391983312,968.0
1.2945244799038509,103.77286637476368,969.0
1.2946663914955416,103.77292000022739,970.0
1.294738532629669,103.77294718955888,971.0
1.294801732207113,103.77297732608663,972.0
1.294862873774935,103.77300884532461,973.0
1.294910076496861,103.77304174667256,974.0
1.2949338514924855,103.77308046253572,975.0
1.2949466735426174,103.77311826216676,976.0
1.29496104436996,103.77315039486494,977.0
1.2949685459099063,103.77318336193488,978.0
1.2949600160448964,103.77323789624126,979.0
1.294951170304988,103.77329731451265,980.0
1.294940228937857,103.7733573960979,981.0
1.2949271892665317,103.77340732121812,982.0
1.294906003657175,103.77344112483576,983.0
1.2948804351837657,103.77348071495936,984.0
1.2948571973605398,103.77350591487597,985.0
1.2948308094559913,103.77352308039455,986.0
1.2948000160760709,103.77355180211111,987.0
1.2947676946987328,103.77358640549004,988.0
1.2947307124133025,103.7736103666995,989.0
1.2947034513890434,103.77363059758592,990.0
1.294675450367527,103.77366793680658,991.0
1.2946439240314467,103.77371039727015,992.0
1.294613477999718,103.77374967171222,993.0
1.2945915184443821,103.77377830747388,994.0
1.2945628836419016,103.773806516842,995.0
1.2945330475088435,103.77383540107348,996.0
1.2944997837570844,103.7738596612926,997.0
1.2944601238624902,103.77386773311967,999.0
1.294423918979407,103.77386142003603,1000.0
1.2943845984945863,103.77384802208948,1001.0
1.294352201269467,103.77383476611594,1002.0
1.2943272684567926,103.77382283188051,1003.0
1.2943078823994458,103.77380766809694,1004.0
1.2942954941225708,103.77379608216512,1005.0
1.2942818940432481,103.77378088794248,1006.0
1.2942698403320516,103.77376006035561,1007.0
1.2942532244276777,103.77373000971396,1008.0
1.2942434884808411,103.77369542708568,1009.0
1.294241963201713,103.77365476085362,1010.0
1.2942406053166908,103.77361244717343,1011.0
1.2942702113578912,103.77357908813072,1012.0
1.2942897599521712,103.77356081720691,1013.0
1.2943142905743608,103.77353474448147,1014.0
1.2943482697231012,103.77350455272071,1015.0
1.2943850400478032,103.77346818167909,1016.0
1.29442213001156,103.77343383197898,1017.0
1.2944535200147433,103.77340571697592,1018.0
1.294481650568851,103.77338025256984,1019.0
1.29450609034135,103.77335683476574,1020.0
1.2945237574650783,103.7733278232095,1021.0
1.2945337740566873,103.77329601192412,1022.0
1.2945323842091279,103.77325986925742,1023.0
1.2945293463643166,103.77322927152689,1024.0
1.2945223570367017,103.77319361838046,1025.0
1.2945217046892237,103.77315273766565,1026.0
1.2945295903435754,103.7731109023307,1027.0
1.2945410922645508,103.77306338328519,1028.0
1.2945605576173032,103.77302563633647,1029.0
1.294576720099386,103.77299370711933,1030.0
1.294582103934296,103.77296504330566,1031.0
1.294579434771225,103.77293538550678,1032.0
1.2945682662567037,103.77290732988092,1033.0
1.2945500265777878,103.77288535692605,1034.0
1.2945225395386837,103.77287468204784,1035.0
1.2944877484916686,103.77286395818142,1036.0
1.2944451324529727,103.77284719065648,1037.0
1.2943954169603304,103.77282686382853,1038.0
1.2943524632851557,103.77280154979861,1039.0
1.2942704061503434,103.77275822431426,1040.0
1.2942363898040325,103.77273611312359,1041.0
1.294208959359911,103.77271792753618,1042.0
1.2941945935172245,103.77270151469484,1043.0
1.2941945935172245,103.77270151469484,1044.0
1.2941945935172245,103.77270151469484,1045.0
1.2941748027337026,103.77267082797408,1046.0
1.294162898950605,103.77265019760904,1047.0
1.2941477219541915,103.77262522839915,1048.0
1.2941300111614444,103.7725948307413,1049.0
1.2941035764662903,103.7725597264526,1050.0
1.2940736517303721,103.77251908063594,1051.0
1.2940388816117974,103.77247479803009,1052.0
1.2940031892316282,103.7724344347772,1053.0
1.2939640360821836,103.77239403693386,1054.0
1.2939232643022882,103.77235808147383,1055.0
1.2938808520982132,103.77232904743687,1056.0
1.2938384951902273,103.7723185804625,1057.0
1.293803216839356,103.77231083845821,1058.0
1.2937804797045966,103.77228679864996,1059.0
1.2937616996123151,103.77226195547725,1060.0
1.2937423203702014,103.7722409699535,1061.0
1.2937069297852444,103.7722338181477,1062.0
1.2936693643103954,103.77222372346212,1063.0
1.2936402481974427,103.77221406521868,1064.0
1.2936138487078168,103.7722079040846,1065.0
1.2935921318771986,103.77220449706302,1066.0
1.293564139082026,103.7722012723957,1067.0
1.2935330544075332,103.77218964296829,1068.0
1.2934963872128162,103.77217927383937,1069.0
1.2934676953569324,103.77217283096327,1070.0
1.2934374509861555,103.77218562236983,1071.0
1.2934038555030436,103.77221168636447,1072.0
1.2933926973102046,103.77227627428378,1073.0
1.2933794989243543,103.77235007857793,1074.0
1.2933634088312933,103.77242898477434,1075.0
1.2933445503170116,103.77252158916808,1076.0
1.2933168483407407,103.77261444433034,1077.0
1.2932818046442982,103.77270739852197,1078.0
1.2932451181163676,103.77278695486073,1079.0
1.2932062203168082,103.77285626265679,1081.0
1.2931684939397432,103.77292068647098,1082.0
1.2931280465661485,103.77298207464317,1083.0
1.2930824070769948,103.77304626415349,1084.0
1.2930165335873411,103.7731265470948,1085.0
1.2929546187219572,103.7732056177538,1086.0
1.2928822000446452,103.77328396641265,1087.0
1.2927999754217068,103.7733536324718,1088.0
1.29271113308654,103.77342701623736,1089.0
1.2926301697145623,103.77349994642424,1090.0
1.2925643016511443,103.77356249341956,1091.0
1.2924925244239762,103.7736248320569,1092.0
1.292428435331988,103.77368670711908,1093.0
1.2923654379342084,103.77374351897308,1094.0
1.2923064921917944,103.77380187267019,1095.0
1.2922813923693641,103.7738652456416,1096.0
1.2922596099969639,103.77391297450147,1097.0
1.2922539467494705,103.77395077853322,1098.0
1.292248735051521,103.7740061854636,1099.0
1.292245078626109,103.77407325395326,1100.0
1.2922330525714956,103.77413992501496,1101.0
1.2922148384051413,103.77419371429465,1102.0
1.2922148384051413,103.77419371429465,1103.0
1.2922148384051413,103.77419371429465,1104.0
1.2922148384051413,103.77419371429465,1105.0
1.2922203145595248,103.7742571179159,1106.0
1.2922203145595248,103.7742571179159,1107.0
1.2922310059949376,103.77429406022631,1108.0
1.2922378359798008,103.77431401118483,1109.0
1.2922378359798008,103.77431401118483,1110.0
1.292273812877677,103.77435189668026,1111.0
1.2922888888724922,103.77437054929736,1112.0
1.2922888888724922,103.77437054929736,1113.0
1.2922888888724922,103.77437054929736,1114.0
1.2922888888724922,103.77437054929736,1115.0
1.2923328873458306,103.77443241010806,1116.0
1.2923400571336283,103.77445168689655,1117.0
1.2923480041712292,103.77447059225007,1118.0
1.2924025642474801,103.77454244408968,1119.0
1.2924498039884824,103.77458386062256,1120.0
1.292505773080822,103.77462671247075,1121.0
1.2925675287203178,103.77467211125746,1122.0
1.2926298408039356,103.7747252175761,1123.0
1.2926956914106904,103.7747802989013,1124.0
1.2927623060230915,103.77483098505427,1125.0
1.2928255144116236,103.77487884238124,1126.0
1.2928954430526247,103.77493501355866,1127.0
1.2929650263438273,103.77498236411768,1128.0
1.2930279854058118,103.77499944299971,1129.0