1023
517.0335251644456 172.26606583983767 1.0
517.0335251644456 172.26606583983767 2.0
517.0335251644456 172.26606583983767 3.0
517.0335251644456 172.26606583983767 4.0
517.0292095117709 172.4407753846408 5.0
517.0292754347333 172.44258710622296 6.0
517.0292776275953 172.44260560016903 7.0
517.029277653248 172.4426058258394 8.0
516.7871048958984 172.4611339136883 9.0
516.786847912439 172.4615073836109 10.0
516.7868472775236 172.46151115329192 11.0
516.7868472832887 172.46151119100034 12.0
516.5170408535915 172.81083817345714 13.0
516.5543185423029 173.12907137993085 14.0
516.7800101878435 173.2528830470783 15.0
517.0988716615448 173.48994211134323 16.0
517.0988716615448 173.48994211134323 17.0
517.6646699905583 172.9588046380144 18.0
518.4892804660499 171.76001807033995 19.0
519.808621850386 170.29025145443632 20.0
522.1227069996638 169.5985573916241 21.0
523.7622313498198 168.04189890222344 22.0
525.3126475458016 166.45709081689776 23.0
527.2021153447338 164.78170095064232 24.0
529.0780200349977 163.24158162697424 25.0
530.6957647071245 162.31718656791915 26.0
532.6715721149737 161.76539391461887 27.0
534.7761152270062 161.53495678181275 28.0
536.7917972262742 161.68584179572983 29.0
538.3716578498261 161.80514140471945 30.0
539.9998364003067 161.5589671403377 31.0
539.9998364003067 161.5589671403377 32.0
539.9998364003067 161.5589671403377 33.0
539.9998364003067 161.5589671403377 34.0
539.9998364003067 161.5589671403377 35.0
539.9998364003067 161.5589671403377 36.0
539.9998364003067 161.5589671403377 37.0
539.9998364003067 161.5589671403377 38.0
539.9998364003067 161.5589671403377 39.0
539.9998364003067 161.5589671403377 40.0
539.9998364003067 161.5589671403377 41.0
539.9998364003067 161.5589671403377 42.0
539.9998364003067 161.5589671403377 43.0
539.9998364003067 161.5589671403377 44.0
543.9480686731818 160.04813956329295 45.0
544.7549661968147 159.0807508668491 46.0
545.6506078749768 157.89323429839556 47.0
546.2827768183731 156.90395742011268 48.0
546.7011802732428 156.10994335874838 49.0
546.8328156702588 155.49092500785187 50.0
546.8338736546011 154.65847231597868 51.0
546.8776247531802 153.82147224418725 52.0
546.4598060516976 152.64264988752637 53.0
545.8205524533997 151.2013746328169 54.0
544.8863114630539 149.98941276192073 55.0
544.8863114630539 149.98941276192073 56.0
544.8863114630539 149.98941276192073 57.0
543.4825930562163 148.31768843128063 58.0
543.4825930562163 148.31768843128063 59.0
541.8790067196655 145.86719773189608 60.0
541.023250339818 144.83046083571747 61.0
540.2926769446586 143.9045184345643 62.0
539.5199538024427 143.08975963516775 63.0
538.3411203114393 142.36679229272445 64.0
537.1623680801531 141.46987763115357 65.0
536.3046114010262 140.2028678629161 66.0
535.6317372454153 138.96013400628948 67.0
534.196401417984 136.99572226438252 68.0
532.6988690277897 134.83102883820806 70.0
531.2145637219008 132.62861923294645 71.0
530.4394943284058 131.36083028823163 72.0
529.2943048114768 130.1776750156403 73.0
527.1612778399582 127.88018590280844 74.0
525.6974392930422 124.9923898973188 75.0
524.6115227896892 121.62762684745505 76.0
523.1768553464326 118.73739613621304 77.0
521.474573262696 116.66287675628115 78.0
520.1147625493093 115.21839703600288 79.0
518.7450347199316 113.54358858416325 80.0
517.2341929914271 111.73688303830578 81.0
516.0132606096793 110.19035209924124 82.0
515.5018185172357 109.0512971984154 83.0
515.0261917276439 107.66766032199368 84.0
514.3077924225489 105.98477807081782 85.0
513.7762717641328 104.12665949585238 86.0
513.2267049233535 102.16908236259336 87.0
512.661685495709 100.23223662322945 88.0
511.9759619140864 98.38456161482456 89.0
511.49878753389265 97.13914491136434 90.0
510.8212691667033 95.61263480452581 91.0
509.9741047727818 93.80027212828041 92.0
509.0059332388088 91.68912308612755 93.0
508.49118250865905 89.95501094052177 94.0
507.8582929075558 88.60080351198505 95.0
507.1522301328352 87.12140369491652 96.0
506.3377056435545 85.65786581150746 97.0
505.57677203264154 84.29174588924677 98.0
505.57677203264154 84.29174588924677 99.0
505.57677203264154 84.29174588924677 100.0
505.57677203264154 84.29174588924677 101.0
505.57677203264154 84.29174588924677 102.0
505.57677203264154 84.29174588924677 103.0
505.57677203264154 84.29174588924677 104.0
505.57677203264154 84.29174588924677 105.0
505.57677203264154 84.29174588924677 106.0
505.57677203264154 84.29174588924677 107.0
505.57677203264154 84.29174588924677 108.0
505.57677203264154 84.29174588924677 109.0
504.9108054551739 82.78101499251177 110.0
504.285741034018 80.57740725348181 111.0
504.285741034018 80.57740725348181 112.0
503.03091402888856 76.7774467038128 113.0
502.5519460693462 74.94182781293492 114.0
502.1385958927373 73.08920269702168 115.0
501.74383502013217 71.22257374805848 116.0
501.66738586636086 70.16038928882898 117.0
501.4680088229629 68.99746587576466 118.0
501.1964463365163 67.60886837234766 119.0
500.9851304423921 66.54965578565454 120.0
500.6391307295769 65.54338290247645 121.0
499.49304439502316 64.69225316350096 122.0
498.2152710079133 64.10485805647393 123.0
496.3710202331793 63.55092946001638 124.0
494.21739792704346 63.48675236983642 125.0
491.88212863895325 64.45481424092817 126.0
489.4984542452111 65.54491899818542 127.0
487.16034272868234 66.67872412448602 128.0
485.9464534698987 67.3388013167307 129.0
484.33970707737586 68.16699936315584 130.0
482.06947905914467 69.28643497124068 131.0
480.023835446431 70.80897104703733 132.0
478.12300170282896 72.49466164038533 133.0
476.5578035380539 73.88980707337105 134.0
475.3483162284999 74.89637249203494 135.0
474.6097032109881 75.82140638381614 136.0
474.6097032109881 75.82140638381614 137.0
474.6097032109881 75.82140638381614 138.0
474.6097032109881 75.82140638381614 139.0
473.45195560123324 77.38253067475459 141.0
472.56638770017713 78.56042429002962 142.0
471.59428398331534 79.83995316954982 143.0
470.4863759053354 81.26239940297094 144.0
469.11523913583613 82.90838893397657 145.0
467.44164972388 84.79702607557365 146.0
465.56244984720774 86.69023841603553 147.0
463.2773272011874 88.81758443747785 148.0
460.89988579680266 90.60117696321007 149.0
458.38162233922964 92.20892285390988 150.0
455.6709915811193 93.60537682625585 151.0
452.6774318146911 94.97297886782316 152.0
449.81957895478877 96.41528830186209 153.0
446.67765568991155 97.95922186572206 154.0
444.62553934061566 99.26586695313435 155.0
442.79581514717876 100.43612438796764 156.0
440.63534291583596 101.71339710236857 157.0
439.3832771776779 103.42234693572402 158.0
438.2237513318103 105.0343053045842 159.0
438.02176997543086 106.85394138197384 160.0
437.6604796736938 108.74334354895109 161.0
437.67770934434424 110.87139341706437 162.0
437.7604542248449 113.3070229750901 163.0
437.9571960363661 115.52791285161257 164.0
438.66378228860185 117.17658915576779 165.0
439.7954808538777 118.36023631372069 166.0
440.5110786196158 119.0165324886256 167.0
441.1375176010637 119.55145878783628 168.0
441.1375176010637 119.55145878783628 169.0
444.47110924988306 122.9549232900455 170.0
446.30231792323667 124.77326213073657 171.0
448.08372597174844 126.24708997693658 172.0
450.05796558465596 127.98710774905075 173.0
451.2302106039268 129.44077576807445 174.0
452.4772610983513 130.69509377793096 175.0
452.4772610983513 130.69509377793096 176.0
455.09292250380383 132.95295861203115 177.0
457.2334159362438 133.82484934774627 178.0
459.5897986617214 133.45940951520953 179.0
461.2801069838118 133.21218889516177 180.0
462.32374353156246 133.04360724301546 181.0
463.0950593208547 132.7591859648753 182.0
463.0950593208547 132.7591859648753 183.0
463.0950593208547 132.7591859648753 184.0
463.0950593208547 132.7591859648753 185.0
463.0950593208547 132.7591859648753 186.0
463.0950593208547 132.7591859648753 187.0
463.0950593208547 132.7591859648753 188.0
463.0950593208547 132.7591859648753 189.0
463.0950593208547 132.7591859648753 190.0
463.0950593208547 132.7591859648753 191.0
463.0950593208547 132.7591859648753 192.0
463.0950593208547 132.7591859648753 193.0
463.0950593208547 132.7591859648753 194.0
463.0950593208547 132.7591859648753 195.0
463.0950593208547 132.7591859648753 196.0
463.0950593208547 132.7591859648753 197.0
463.0950593208547 132.7591859648753 198.0
463.5175434587576 132.34400932920315 200.0
464.1330938271177 131.69195846662404 201.0
464.95038256449175 130.82415360452333 202.0
465.21734347017104 130.1137673688942 203.0
465.1863706221675 128.69692000868358 204.0
465.2629647360427 127.14363167271735 205.0
464.6467717072898 125.12699017402727 206.0
462.9878065888639 123.61628967607435 207.0
461.35519961827396 122.25700505107523 208.0
459.5835935639898 120.77496057361262 209.0
457.6508326384435 119.21574345759235 210.0
455.9872929938945 117.78841970477755 211.0
454.62826995889054 116.51764605564351 212.0
453.6223180608543 115.4633593485134 213.0
453.3530952734422 114.13418273660983 214.0
453.79792573990403 112.60877990714921 215.0
454.4314176170768 111.1499233433609 216.0
454.89262183550784 109.66482188953489 217.0
454.9083938862884 107.98274852442468 218.0
454.657807170032 106.51456162300151 219.0
454.05971973440717 104.86975467539489 220.0
453.6588791062638 103.29207329156421 221.0
453.67870066763857 102.63807946066126 222.0
453.956629449689 101.5453169924183 223.0
454.61851323124677 100.40775098623067 224.0
455.3467722225557 99.83636654354551 225.0
456.61522425291474 99.21456537443139 226.0
458.2381110520008 98.48955238365595 227.0
460.02194997885204 97.52419338024455 228.0
462.4889456943421 95.77533742445702 229.0
464.49871219711497 94.17569476189912 230.0
467.94930722888535 90.74371018556975 231.0
468.6366017346045 89.6953811872278 232.0
468.9967390496141 88.90313543752075 233.0
468.8022471305809 88.56727906504975 234.0
468.52615838918507 88.30960461595178 235.0
468.2489584631037 88.12314951082818 236.0
468.5942561326528 87.28766010419204 237.0
469.3029565889101 86.23333674680512 238.0
470.2426376932408 84.8897685050526 239.0
472.00792467638735 82.72294620343769 240.0
474.0127489516405 80.44636689344469 241.0
476.037096659356 78.32911445343989 242.0
477.59529990992235 76.8660582584574 243.0
478.2915082462073 76.25626444235073 244.0
479.0051505809186 75.7298050172928 245.0
480.89684035158854 74.55362836235835 246.0
483.2330808240135 73.27883068952887 247.0
485.59152946600454 72.15889135970174 248.0
488.04595270461334 71.05164820652128 249.0
490.59171595678754 70.03263241611073 250.0
492.39416801507184 69.43589350664482 251.0
493.52129994354055 68.9978664690586 252.0
494.6643882153701 68.57505536954771 253.0
495.65946177392124 68.06108509904904 254.0
496.97807289085154 66.83746057993041 255.0
497.8335404654455 65.40410740736847 256.0
498.2313918056939 63.8161621990584 257.0
498.3340803161831 62.038246114482405 258.0
498.2852495738021 60.019604870781386 259.0
498.117176611273 57.76254210448566 261.0
497.9219888591504 55.174474882260505 262.0
497.56001505121327 52.17162900823497 263.0
497.12076777154317 49.016152971462844 264.0
496.51410236472276 45.65543010015874 265.0
495.611107540807 42.26100484114004 266.0
494.39364631369796 38.92371627840189 267.0
493.1033883876927 35.90739500368173 268.0
491.3126516638253 32.345573614271274 269.0
489.0691304335774 28.576857950958676 270.0
486.7095542844698 25.124518914029498 271.0
483.8181958380841 21.512528485610115 272.0
480.5603530820907 17.91802483765989 273.0
476.98698571866544 14.466654951031936 274.0
473.48526418326793 11.585599262273337 275.0
469.93234230003054 9.119829623337596 276.0
466.5141678066201 7.341402518991097 277.0
463.7137156111253 6.042765960552955 278.0
460.2556325176678 4.65100839699416 279.0
456.6974019910266 3.5590678085557887 280.0
453.47164908644777 2.7859121615853595 281.0
449.8628690472716 2.213440635247581 282.0
446.6727214532034 2.08214146380862 283.0
443.47862157974714 2.1212650206472525 284.0
437.4900140341488 2.387507844503143 285.0
434.68564455743206 2.552034188314288 286.0
431.96222328686775 2.8005173312758718 287.0
429.37717260980094 2.880111636016736 288.0
427.06271842969653 3.170213180106477 289.0
425.4942844455235 3.494033393243233 290.0
424.3526388356878 3.947743704929275 291.0
423.5574328055634 4.218670823889734 292.0
423.5540390433812 4.219381997595371 293.0
423.508957530311 4.2334952784435576 294.0
423.5084611445411 4.233635293841541 295.0
423.5084569949659 4.233636302686618 296.0
423.5084569289581 4.233636317769983 297.0
423.5084569279247 4.233636317769983 298.0
423.5084569279066 4.233636317769983 299.0
423.5084569279066 4.233636317769983 300.0
423.4037147269051 4.225357630642488 301.0
421.86191618828354 4.534658698001004 302.0
420.88056732153325 4.896640913309784 303.0
419.7310410019426 5.554929865871182 304.0
418.4465686636596 6.37796605000465 305.0
417.24299431579766 7.221855497562793 306.0
415.588213045193 8.389320743927899 308.0
414.0969186256193 9.193776162139777 309.0
412.2389303787787 10.027250604649536 310.0
410.15078222702357 10.907924642053622 311.0
408.270110548293 11.644359921246304 312.0
406.3556208676364 12.332908120264 313.0
404.52913209185795 12.904973619235484 314.0
403.2410370741419 13.26466727847845 315.0
401.5480634663793 13.673475500412552 316.0
398.6211249890216 14.235248461978664 317.0
397.2534960380873 14.44636739095789 318.0
396.5663688741918 14.53004386808739 319.0
395.9462660309449 14.583865131061778 320.0
395.25325172811483 14.643608582659624 321.0
394.7729937473333 14.687047022685581 322.0
394.5344666413457 14.708323494589724 323.0
394.5344336167437 14.708326981167593 324.0
394.53443320138916 14.708327061805583 325.0
394.5344331939291 14.708327062385713 326.0
394.5344331937931 14.708327062385713 327.0
394.5344331937931 14.708327062385713 328.0
394.5344331937931 14.708327062385713 329.0
394.5344331937931 14.708327062385713 330.0
394.5344331937931 14.708327062385713 331.0
394.5344331937931 14.708327062385713 332.0
394.5344331937931 14.708327062385713 333.0
394.5344331937931 14.708327062385713 334.0
394.5344331937931 14.708327062385713 335.0
394.44761776933524 14.710038239996134 336.0
394.36573604570015 14.70884551651486 337.0
394.3657283558307 14.708844699692623 338.0
394.36572828685877 14.708844690410551 339.0
394.3657282861245 14.708844690410551 340.0
394.3657282861155 14.708844690410551 341.0
394.3657282861155 14.708844690410551 342.0
394.3657282861155 14.708844690410551 343.0
394.3657282861155 14.708844690410551 344.0
394.3657282861155 14.708844690410551 345.0
394.3657282861155 14.708844690410551 346.0
394.3657282861155 14.708844690410551 347.0
394.3657282861155 14.708844690410551 348.0
394.2661137606866 14.7005370263982 349.0
394.26501698895413 14.70045116202152 350.0
394.26500499256645 14.700449925185579 351.0
394.2650048645391 14.700449908941955 352.0
394.14199178921467 14.675250315834118 353.0
394.1408346929501 14.67493418068313 354.0
394.14082373829353 14.674930179530456 355.0
394.1408236337162 14.674930133120101 356.0
394.14082363273724 14.674930132539973 357.0
394.14082363272814 14.674930132539973 358.0
394.14082363272814 14.674930132539973 359.0
394.14082363272814 14.674930132539973 360.0
394.14082363272814 14.674930132539973 361.0
394.14082363272814 14.674930132539973 362.0
394.14082363272814 14.674930132539973 363.0
394.14082363272814 14.674930132539973 364.0
394.14082363272814 14.674930132539973 365.0
394.14082363272814 14.674930132539973 366.0
394.14082363272814 14.674930132539973 367.0
394.14082363272814 14.674930132539973 368.0
394.14082363272814 14.674930132539973 369.0
394.14082363272814 14.674930132539973 371.0
394.14082363272814 14.674930132539973 372.0
394.14082363272814 14.674930132539973 373.0
394.14082363272814 14.674930132539973 374.0
394.14082363272814 14.674930132539973 375.0
394.14082363272814 14.674930132539973 376.0
394.14082363272814 14.674930132539973 377.0
394.14082363272814 14.674930132539973 378.0
394.14082363272814 14.674930132539973 379.0
393.69708282808654 14.678612096840617 380.0
392.1355282717386 14.77915008687963 381.0
389.13953756408125 15.12012222803865 382.0
387.8886074728267 15.323282117725064 383.0
386.67543046645403 15.647509189553586 384.0
385.3653635112837 16.496440656265932 385.0
384.31509601188645 17.62177805910429 386.0
383.49911547016416 18.918826075232424 387.0
382.79898526783995 20.565687688703054 388.0
382.33330486716204 21.894329146871744 389.0
382.0324695515055 24.476096537099735 390.0
382.0639736026079 26.95645429340155 391.0
381.9444597428644 29.643860229042417 392.0
381.9875900796132 32.46217708160114 393.0
382.1191092275657 35.224214281069024 394.0
382.1011086917348 38.1407760919024 395.0
381.8276505961023 41.06464357706031 396.0
381.6436694537813 43.89842733400593 397.0
381.2992227860627 46.663810686373616 398.0
380.77694005641035 49.801411519337826 399.0
379.5551569662324 52.833066093477086 400.0
378.2720985431431 55.59538746702532 401.0
375.21444112279653 60.00214069099454 402.0
372.9033191245886 62.59807514122905 403.0
370.3298718338915 65.1780961051825 404.0
367.9474430837623 67.47531158952675 405.0
365.44551141704324 70.0212751050902 406.0
362.71527233392857 72.63109677771837 407.0
359.9754402931551 75.17136856165422 408.0
357.3746224417124 77.06562177555902 409.0
354.8972308793592 78.88823312214286 410.0
352.87859384063563 80.39996193315645 411.0
351.48218019936803 81.58130691302442 412.0
350.09150452727624 82.90718561327101 413.0
348.78324372332156 84.57073848036563 414.0
347.84294303251187 86.1227369994887 415.0
347.84294303251187 86.1227369994887 416.0
347.84294303251187 86.1227369994887 417.0
347.84294303251187 86.1227369994887 418.0
347.84294303251187 86.1227369994887 419.0
347.84294303251187 86.1227369994887 420.0
347.84294303251187 86.1227369994887 421.0
347.84294303251187 86.1227369994887 422.0
347.84294303251187 86.1227369994887 423.0
347.84294303251187 86.1227369994887 424.0
347.84294303251187 86.1227369994887 425.0
347.84294303251187 86.1227369994887 426.0
347.84294303251187 86.1227369994887 427.0
347.84294303251187 86.1227369994887 428.0
347.84294303251187 86.1227369994887 429.0
347.84294303251187 86.1227369994887 430.0
347.84294303251187 86.1227369994887 431.0
346.2512848770828 88.66342977871022 432.0
346.2512848770828 88.66342977871022 433.0
344.6300362980045 90.13132772056538 434.0
343.26686655073246 91.60824995567567 435.0
342.0197565852007 93.07323044403553 436.0
340.0451959014373 94.8674078390335 437.0
337.99703795487716 96.67484068503448 439.0
335.5945617967113 97.92585552552099 440.0
333.10278960117057 99.13690277654189 441.0
330.5943488445208 100.23268996073082 442.0
327.7132024552816 101.3821482587953 443.0
324.76356060372234 102.91325355575871 444.0
321.67302254309647 104.10908052005408 445.0
318.6086991790286 105.84008195074719 446.0
316.0315189023092 107.84740343172486 447.0
313.7879940548818 110.37648994550315 448.0
311.6292910948028 112.554022193449 449.0
309.2919680841572 115.09527095479233 450.0
306.932874296671 117.75353413206976 451.0
304.8959918530469 120.47652802864398 452.0
303.0598014087117 122.9619205182545 453.0
301.10753571517097 125.72356234443305 454.0
299.06597411144884 128.37919713104625 455.0
297.161376145952 130.62404807713708 456.0
295.17212066125035 132.8109331276498 457.0
293.2116810096892 134.8167761394952 458.0
290.92537609495383 136.1148601623605 459.0
288.69295991006095 137.45479007946855 460.0
286.3342143357922 139.3025518056205 461.0
283.49462343935227 141.61798675881954 462.0
280.3914970047941 143.9829970616531 463.0
277.17271576829324 146.20992159069016 464.0
274.0561993156196 148.37307094321577 465.0
271.3965092422357 150.0392756799729 466.0
269.27368097598537 151.30516949673722 467.0
267.0064788631196 152.65465018267918 468.0
264.51909569336493 154.06225627136595 469.0
262.2232365715408 155.42672324012625 470.0
259.7550618073259 156.87025510897516 471.0
257.0675408555054 157.98940243856396 472.0
253.89740159621596 158.9297027472225 473.0
250.83457482284678 159.7081165927776 474.0
247.62709408572653 160.56694496602853 475.0
244.80450488756298 161.34407358298412 476.0
241.9225984433475 162.06917191543963 477.0
238.76566449312384 162.5998928459761 478.0
235.55005651799974 163.06774999377663 479.0
232.7945730737331 162.55500976880592 480.0
227.61098709181027 161.2027992043574 481.0
224.78195504180655 160.33533982325486 482.0
222.50714340761272 158.83390703970528 483.0
220.11686636767246 157.17017775815188 484.0
218.1722467555337 155.99273629401355 485.0
216.3970950604213 154.900197938471 486.0
214.9119024310521 153.4753340255161 487.0
213.31087397747666 151.8589659826404 488.0
211.48343643390905 150.20244619633363 489.0
211.48343643390905 150.20244619633363 490.0
207.85734889111734 145.45380883931642 491.0
206.24782778738654 142.93318320405325 492.0
205.11547901332756 141.25434951836817 493.0
204.16599339029068 139.73052849649503 494.0
202.87158028550874 137.7125649768169 495.0
201.51402142362537 135.61306678943532 496.0
200.18882229733475 133.54925673567604 497.0
198.84588455481247 131.16036189742914 498.0
197.43531422220974 128.54961488993516 499.0
196.29080922561963 126.40222652564769 500.0
195.34386924996664 124.46892156216474 501.0
194.19998693223556 121.73507295434197 502.0
193.16802135752835 118.6629017533447 503.0
192.3408504947697 115.65945573484458 504.0
191.68770909677698 112.98685671876541 505.0
191.36206777251817 111.14655364822872 506.0
190.64091671113903 109.63239481542776 507.0
189.91226305232254 108.70918937036019 508.0
188.81924051314422 107.8595649146793 509.0
187.63759731972834 107.37894509753728 510.0
186.67065646678793 107.26763175447483 511.0
186.00880208648874 107.34616571198809 513.0
185.2946855123215 108.00454205408643 514.0
184.9604278510136 108.91148972172024 515.0
184.83427505688843 109.78310604345252 516.0
184.98412790515061 110.65134639943362 517.0
185.11718077259292 111.33755922362005 518.0
185.11718077259292 111.33755922362005 519.0
185.40806325799525 112.6778337468911 520.0
185.54380281145893 113.63662405616112 521.0
185.68277526050463 114.96036174233909 522.0
185.68277526050463 114.96036174233909 523.0
185.90934437909095 116.21449249801847 524.0
186.15477251487505 117.72710143441148 525.0
186.33325305943362 119.23677712038483 526.0
186.56298717301462 120.47167362044651 527.0
186.69888189001654 121.84862372434311 528.0
186.97658986101914 122.85154323665104 529.0
186.97658986101914 122.85154323665104 530.0
186.97658986101914 122.85154323665104 531.0
186.97658986101914 122.85154323665104 532.0
186.97658986101914 122.85154323665104 533.0
186.97658986101914 122.85154323665104 534.0
186.97658986101914 122.85154323665104 535.0
186.97658986101914 122.85154323665104 536.0
186.97658986101914 122.85154323665104 537.0
187.4642395846439 123.60919356132338 538.0
187.4642395846439 123.60919356132338 539.0
187.4642395846439 123.60919356132338 540.0
187.4642395846439 123.60919356132338 541.0
187.4642395846439 123.60919356132338 542.0
187.4642395846439 123.60919356132338 543.0
187.4642395846439 123.60919356132338 544.0
187.4642395846439 123.60919356132338 545.0
187.4642395846439 123.60919356132338 546.0
187.4642395846439 123.60919356132338 547.0
187.4642395846439 123.60919356132338 548.0
187.4642395846439 123.60919356132338 549.0
187.4642395846439 123.60919356132338 550.0
187.4642395846439 123.60919356132338 551.0
187.4642395846439 123.60919356132338 552.0
188.37846755493172 126.1092288698641 553.0
189.0932865395689 127.84772659496984 554.0
189.7966121044335 129.53388525820606 555.0
190.7654516794709 131.59434927509145 556.0
191.8231280023988 133.5255178144898 557.0
193.01547626356535 135.72339888011652 558.0
194.27586516985792 138.2462817844853 559.0
195.98818703629433 141.27911356654425 560.0
197.0024007164775 143.08306939810967 561.0
198.23979626664016 145.23653790170002 562.0
198.44839687203245 147.65976794154471 563.0
198.52227939404162 149.63655215251794 564.0
198.0582923111005 151.01120658042024 565.0
197.61595981787434 152.0573501581063 566.0
197.11962533045386 153.1633028998109 568.0
196.64979839786474 154.1706494523088 569.0
196.0154867677325 155.2952702264845 570.0
195.2817984146845 156.27241873560075 571.0
193.9136291323057 157.64108443345395 572.0
192.0941179207869 159.11324204873893 573.0
189.98752179343126 160.46485831757778 574.0
187.53770592737527 161.42469475568325 575.0
184.5777671301159 161.75462298276182 576.0
181.62322905174733 162.16071997270944 577.0
178.0239240947194 162.4012153095002 578.0
174.5487897304091 160.7173968454516 579.0
170.83037132480712 158.93498812139015 580.0
167.00267683515978 157.1042245268879 581.0
162.97438519370502 155.1382359334392 582.0
158.96761144785359 153.2447106682626 583.0
154.84400351633712 151.2920826934202 584.0
150.93950889678024 149.3310746805185 585.0
147.17346236049406 147.41149824676427 586.0
143.7094221009413 145.41833579506144 587.0
139.77106510495042 143.48953040245036 588.0
136.18549510839495 141.89973655776225 589.0
133.1204400853539 140.62422309107637 590.0
130.01905205388022 139.5361912969653 591.0
126.65750649164181 138.58221082860962 592.0
123.07003217288212 138.1844726921349 593.0
119.71114124494926 137.69354723536435 594.0
116.76211090387818 137.4130377421187 595.0
113.85951320281077 137.4866966266441 596.0
110.68953634595078 137.65653095748792 597.0
108.33718811244103 138.39071061572272 598.0
106.346761592424 139.14809124112412 599.0
103.93259286373018 140.19746479034947 600.0
103.93259286373018 140.19746479034947 601.0
103.93259286373018 140.19746479034947 602.0
103.93259286373018 140.19746479034947 603.0
103.93259286373018 140.19746479034947 604.0
102.35144994687045 141.87850732463727 605.0
100.6053664083866 142.8065405139935 606.0
99.19964216759024 143.84274419464964 607.0
97.97625608633524 144.8523804478087 608.0
96.57545549044335 146.43906553378056 609.0
95.31093413301414 147.65658460138908 610.0
94.67942459189328 148.1091217376351 611.0
94.32904597257124 149.1984680011894 612.0
93.7198862306065 151.24669908812027 613.0
92.89971767218935 152.94447876252954 614.0
91.88427216571654 154.39972865527545 615.0
91.88427216571654 154.39972865527545 616.0
91.88427216571654 154.39972865527545 617.0
88.52394231327366 158.4925475913765 618.0
87.54865964636758 159.51204263599055 619.0
87.02883383885944 160.32796400142013 620.0
87.02883383885944 160.32796400142013 621.0
87.02883383885944 160.32796400142013 622.0
87.02883383885944 160.32796400142013 623.0
87.02883383885944 160.32796400142013 624.0
87.02883383885944 160.32796400142013 626.0
87.02883383885944 160.32796400142013 627.0
87.02883383885944 160.32796400142013 628.0
87.02883383885944 160.32796400142013 629.0
87.02883383885944 160.32796400142013 630.0
87.02883383885944 160.32796400142013 631.0
87.02883383885944 160.32796400142013 632.0
87.02883383885944 160.32796400142013 633.0
87.02883383885944 160.32796400142013 634.0
87.02883383885944 160.32796400142013 635.0
87.02883383885944 160.32796400142013 636.0
87.02883383885944 160.32796400142013 637.0
87.02883383885944 160.32796400142013 638.0
87.02883383885944 160.32796400142013 639.0
87.02883383885944 160.32796400142013 640.0
87.02883383885944 160.32796400142013 641.0
87.02883383885944 160.32796400142013 642.0
87.02883383885944 160.32796400142013 643.0
87.02883383885944 160.32796400142013 644.0
87.02883383885944 160.32796400142013 645.0
87.02883383885944 160.32796400142013 646.0
87.02883383885944 160.32796400142013 647.0
87.02883383885944 160.32796400142013 648.0
87.02883383885944 160.32796400142013 649.0
86.70522033272732 165.45011959769818 650.0
86.70522033272732 165.45011959769818 651.0
87.29497449487064 167.4915024470004 652.0
88.49941180313368 170.47768119614517 653.0
88.88816372477993 172.0911849236409 654.0
89.19824452068144 173.92580350836656 655.0
89.2070098096508 176.77982652961123 656.0
89.29296821190326 179.54541452901648 657.0
89.38094738938423 182.29586019078695 658.0
89.38495639115388 184.91186688489762 659.0
89.39314838006834 187.77416342199606 660.0
89.01238454988061 189.82483798623625 661.0
88.50932406229907 191.88333266385433 662.0
88.2044427248743 194.69418852751724 663.0
87.7821699526329 197.60014392307787 664.0
87.32401635269116 200.1461815031854 665.0
86.85089141171761 202.30988897793026 666.0
86.25272690012389 203.50493654007795 667.0
85.67188407251228 204.1665609641961 668.0
85.67188407251228 204.1665609641961 669.0
83.9227608177847 206.0674964615845 670.0
82.39366719859595 207.40523825347324 671.0
80.52635393582 208.90197350858585 672.0
78.25006235438752 209.8852075899171 673.0
76.51237884195996 211.02106278049504 674.0
75.37226118863543 212.20572577234446 675.0
74.86564990940155 213.41293599859011 676.0
74.68136990793028 214.75161599261543 677.0
74.68136990793028 214.75161599261543 678.0
74.68136990793028 214.75161599261543 679.0
74.68136990793028 214.75161599261543 680.0
74.68136990793028 214.75161599261543 682.0
76.81642948950798 214.89620965544745 683.0
76.81642948950798 214.89620965544745 684.0
76.81642948950798 214.89620965544745 685.0
78.63807905483031 213.0117742915234 686.0
80.02118619928899 210.23894419823867 687.0
80.74877715137359 207.60994785508646 688.0
81.60508060328903 204.86316989745515 689.0
82.50728501323067 201.60134501581956 690.0
83.97011818498675 198.3704018096266 691.0
85.67051604119638 194.65758010557505 692.0
86.83239699233275 191.07501742990246 693.0
87.35824734543121 187.2461045412333 694.0
87.78552618776519 183.6391761435328 695.0
88.23612489163776 180.54852518294885 696.0
88.84917563313945 177.25727398206627 697.0
89.46955040185867 174.23390213275533 698.0
90.07948423924626 171.11302202282988 699.0
90.64480081778652 167.74130812842552 700.0
90.85851084496085 164.32632896959132 701.0
91.17317289885267 161.22338976313165 702.0
91.51009306092152 158.33148569465706 703.0
92.16502026579758 155.74242045256977 704.0
93.14286276805922 153.90414828173476 705.0
94.04982343129024 152.56341792002436 706.0
95.06149016713766 151.50827935084052 707.0
96.07990514686747 150.6334133024215 708.0
96.90488522491222 149.75646840950415 709.0
96.90488522491222 149.75646840950415 710.0
98.1422473508544 148.93771224974085 711.0
98.1422473508544 148.93771224974085 712.0
98.1422473508544 148.93771224974085 713.0
98.1422473508544 148.93771224974085 714.0
98.1422473508544 148.93771224974085 715.0
102.83924961932252 146.51921210375397 716.0
104.76363250199245 145.64782097898402 717.0
107.1052505672281 144.7193033641506 718.0
109.8351919087392 143.61056458451003 719.0
113.23542408621381 142.60676844906405 720.0
116.80966778215037 141.98946509477 721.0
120.37049982356405 141.57620293668532 722.0
124.33103228489557 141.72013887835718 723.0
128.15005712538493 142.3949593470645 724.0
131.64271455226566 143.5629883162184 725.0
135.27652618609198 144.94970181566674 726.0
139.15384712133385 146.48803950036418 727.0
143.25611892024529 148.25451871554984 728.0
147.3159823823077 150.06084700207927 729.0
151.30657218554734 151.86163361732014 730.0
155.26122952654896 153.9278765465235 731.0
159.09863497812745 156.13284503888283 733.0
162.82129462401798 158.04478319328706 734.0
166.4699412975031 160.04199654608178 735.0
170.2912324305944 161.78116451618178 736.0
173.58343420597043 163.04547330970124 737.0
176.7464736632969 163.8545282109958 738.0
180.2311632484994 164.13836515550884 739.0
183.30153876256497 164.15550725091742 740.0
186.0125518601876 164.0004692348693 741.0
188.1204694819461 163.62420647405497 742.0
190.1804888473814 163.12738795811984 743.0
192.1276126958786 162.7191704767623 744.0
193.88275496415486 161.94739045473918 745.0
195.61256262963553 161.1945852602543 746.0
196.9976881484298 160.6332689266837 747.0
198.00972014026507 159.89752144198067 748.0
199.26275660236172 159.0621780574026 749.0
200.64427942548673 158.14656853701555 750.0
202.09461412710112 157.1885897893681 751.0
204.34262148705716 157.14353286945294 752.0
206.817635792697 157.14302901660142 753.0
209.30363224132344 158.3006242599302 754.0
212.04949274793006 159.88822355562584 755.0
215.1439457920756 161.68803362971656 756.0
217.88594349184018 163.30760189393416 757.0
221.10557467262288 164.68564813904416 758.0
224.16000837025808 165.97702758579229 759.0
227.29378222175654 167.08150781977466 760.0
230.28481865101963 168.19130431169495 761.0
233.15347689631227 169.49131358225054 762.0
236.06748743123728 170.75565701355782 763.0
384.7140012717641 69.15274217475461 854.0
381.7625568922509 68.1344621595984 855.0
380.29218766218014 70.43422964258353 856.0
381.3462664648369 69.22525193542597 857.0
382.3740150651359 67.15141780901683 858.0
384.17545563211877 66.43296751326433 859.0
384.27590926961653 65.98613903392202 860.0
384.98853694258287 65.90164807131762 861.0
385.3001097858813 65.48108217305993 862.0
384.13038121330646 65.20352379880046 863.0
382.55537175502843 64.64814111779094 864.0
382.2405424096663 63.6292812336837 865.0
382.2770967351103 61.923338863805114 866.0
382.51149629996837 60.679606523212826 867.0
383.4842685859393 58.13537307427402 868.0
384.1505209960411 54.935991869427085 869.0
384.813588646483 52.198143192033136 870.0
384.9176396448614 49.52131907881826 871.0
385.2119668818344 46.88203098027515 873.0
385.63117459476007 44.041643594374065 874.0
385.9696882635693 40.95567634470435 875.0
386.0965054646831 37.63642863129027 876.0
386.1997913375184 35.0051828432381 877.0
386.1622109155795 32.7161958601847 878.0
385.97014982789517 30.620588103713484 879.0
385.7907343950534 28.992519682157514 880.0
385.59200913543566 27.60194166850092 881.0
385.3806980189674 26.064063637173952 882.0
385.1480749095057 24.69532629739717 883.0
385.27419722744685 23.399717283035958 884.0
385.44112174042266 22.054166196603028 885.0
385.9870930435232 20.779697841205564 886.0
387.2635083119343 19.302349545119398 887.0
389.18978634350276 17.646183589033523 888.0
391.84489943107815 17.080131090405946 889.0
394.28870242082917 16.60189915270918 890.0
396.90436522134803 15.983334674773525 891.0
399.919138931427 14.906189743264113 892.0
402.64338968112884 13.97951107606709 893.0
405.1938366213021 12.945152767400673 894.0
408.07634361135115 11.552298115857255 895.0
411.01382569910606 10.163467694535349 896.0
413.9322199355614 8.490698435347575 897.0
416.74579213680295 6.702130235803054 898.0
419.59010233297647 5.390284123881837 899.0
422.9051138779017 4.02672938776421 900.0
426.3751480304832 3.0525251735716705 901.0
429.6998339257066 2.024860946481048 902.0
432.86599394818995 1.2093930757679217 903.0
435.8862065584326 0.4971525840470081 904.0
439.044502740654 0.022045648110364656 905.0
442.8005174070426 0.0 906.0
446.4852697826837 0.04415284795316169 907.0
453.6207827606297 0.8642843936504275 908.0
453.6207827606297 0.8642843936504275 909.0
459.9723218929324 2.5799456950606694 910.0
463.0539191077609 3.7537309218981503 911.0
465.95732930249227 5.364291030901073 912.0
469.4244925038652 7.527333556653203 913.0
472.5683056725912 9.660520871150869 914.0
475.6016758171806 11.906915665220243 915.0
478.63226718916655 14.513564974321705 916.0
481.41181456780834 17.292839964448138 917.0
483.3004987042764 20.551914074215762 918.0
485.26699332821937 24.029668028572473 919.0
487.3610321824267 27.71040049108867 920.0
489.39708953231104 31.216237690227192 921.0
491.32111551331013 34.8381033677933 922.0
492.92614698152914 38.27578454767721 923.0
494.40173345553967 41.61898198100752 924.0
495.5182062034985 44.53925422367276 925.0
496.47856584367554 47.29101084916436 926.0
497.21312869065065 49.68176898598043 927.0
497.71446223005705 51.70307527988459 928.0
497.9023414335857 53.18471629125233 929.0
498.0747300551799 54.52221232523153 930.0
498.24758718345447 55.99789703810577 931.0
498.40162083321485 57.37875633951963 932.0
498.5549796384247 58.66495054243956 933.0
498.6254316558268 59.63016007492342 934.0
498.45516820760423 60.53824554692583 935.0
497.82659797428823 61.56104150188589 936.0
496.6100682993374 62.571837057269846 937.0
494.78489163010784 63.33181395621001 938.0
493.0586118899705 63.89557432691488 940.0
491.79135207421956 64.45100358187523 941.0
490.469491814539 65.24056129433065 942.0
488.76704559294296 66.18831045557735 943.0
487.16248665573494 66.96719444556352 944.0
485.0937847573372 68.1569813836054 945.0
483.5659708943237 69.16607344751372 946.0
482.3215285992312 69.97469723200444 947.0
481.2401345162898 70.60851951015503 948.0
480.326581572559 71.29263627682283 949.0
479.0054580736005 72.58266145782896 950.0
477.4247667930216 74.46540413170725 951.0
476.1062757094931 76.15800040303901 952.0
474.7152350125044 77.95548561540399 953.0
473.65289820832277 79.37159567868078 954.0
473.65289820832277 79.37159567868078 955.0
473.65289820832277 79.37159567868078 956.0
473.65289820832277 79.37159567868078 957.0
472.56002164627876 80.76478829796612 958.0
471.8159038928326 81.58350929318405 959.0
470.88536818531634 82.55404928691466 960.0
469.8169785563104 83.59894439996337 961.0
468.4761813157203 84.88016528729715 962.0
466.7768217061638 86.84229455521522 963.0
465.1182573033485 88.69882251332783 964.0
463.08952259154375 90.4287334439861 965.0
461.0453933296202 91.91789930721775 966.0
458.83036238739044 93.35147463802406 967.0
456.46961554577865 94.26663240002205 968.0
454.15174546023263 95.18330956740533 969.0
448.35849147751026 97.37246076706478 970.0
445.4134754458945 98.48241028610605 971.0
442.8334803984709 99.71267313752259 972.0
440.3374994354318 100.9993823399009 973.0
438.4105436911167 102.34251338915408 974.0
437.43997753475435 103.92301027279377 975.0
436.91654324649005 105.46610383186538 976.0
436.32988325807435 106.77785630741596 977.0
436.0236480474557 108.12367032416968 978.0
436.3718625509491 110.34992318921586 979.0
436.73297200891204 112.77555405757481 980.0
437.17963121379296 115.22826337378145 981.0
437.7119494475546 117.26635552765664 982.0
438.57680914168213 118.64631991387142 983.0
439.6205904046859 120.26250671387112 984.0
440.5692275832931 121.29124239012624 985.0
441.64646046681116 121.99199000154059 986.0
442.9035379806348 123.16449604472719 987.0
444.22299290154854 124.57710906924095 988.0
445.7327199774444 125.55527702936071 989.0
446.8455962089101 126.38116208872938 990.0
447.9886813331567 127.90546032391069 991.0
449.2756803011929 129.6388229533165 992.0
450.51857802694315 131.2421226926225 993.0
451.4150325018233 132.41111980033187 994.0
452.5839904533071 133.56271025388858 995.0
453.8019902982036 134.74185064040316 996.0
455.1599157506806 135.73222506555302 997.0
456.7789508102895 136.06174109558881 999.0
458.25694200619876 135.8040222120574 1000.0
459.86212134761456 135.25707811634928 1001.0
461.18467260093564 134.71592978165813 1002.0
462.20250429886744 134.22873873462902 1003.0
462.99390091837734 133.60970791036968 1004.0
463.4996272899168 133.13673565464853 1005.0
464.05482304780367 132.51646221693727 1006.0
464.54689145154543 131.66621806758027 1007.0
465.2252021733416 130.43946134265428 1008.0
465.62265253038566 129.0276954213926 1009.0
465.68491896879584 127.36757866786834 1010.0
465.74035188107047 125.64020817387141 1011.0
464.5317450713422 124.2783926605612 1012.0
463.73371320995625 123.53251911471429 1013.0
462.7323001259009 122.46815278116009 1014.0
461.3451700371955 121.23563515403427 1015.0
459.8440958297425 119.75086087174152 1016.0
458.3299730037442 118.3486037718951 1017.0
457.04853955075123 117.20086558137335 1018.0
455.9001665201988 116.16133265684988 1019.0
454.9024621911928 115.20534812267925 1020.0
454.1812375633559 114.02100996038057 1021.0
453.77233045054703 112.7223785128827 1022.0
453.82906816882246 111.24692717505535 1023.0
453.953082044941 109.99783665231166 1024.0
454.23840722211025 108.54236899058064 1025.0
454.2650379897609 106.8734964126177 1026.0
453.94312208468773 105.16565339601739 1027.0
453.473579401768 103.22578438058876 1028.0
452.6789457075506 101.68484147095545 1029.0
452.0191450345966 100.38139569756264 1030.0
451.7993608530337 99.21125342306208 1031.0
451.9083240420688 98.00053371079636 1032.0
452.3642560801795 96.85521947448828 1033.0
453.10885411663435 95.95821799074703 1034.0
454.23095694746166 95.52243765752934 1035.0
455.6512311426979 95.08465747951847 1036.0
457.39094481204404 94.4001571544773 1037.0
459.4204793435158 93.57035547599556 1038.0
461.17397633987605 92.5369613546231 1039.0
464.52379306308205 90.76828599973007 1040.0
465.9124416674356 89.86564131856939 1041.0
467.03223412245063 89.12325145864644 1042.0
467.6186906223563 88.45323037518072 1043.0
467.6186906223563 88.45323037518072 1044.0
467.6186906223563 88.45323037518072 1045.0
468.4266093701765 87.20050700595476 1046.0
468.91255726222107 86.35831403900809 1047.0
469.5321274740089 85.33899649833587 1048.0
470.25513480129297 84.09807353834739 1049.0
471.3342778167396 82.66501188430438 1050.0
472.5558946943612 81.00572854877895 1051.0
473.9753145283098 79.19798064260682 1052.0
475.4323838283195 77.55023240166614 1053.0
477.0307320411296 75.90107207580377 1054.0
478.6951575714713 74.43326307185102 1055.0
480.4265501042871 73.24800717960319 1056.0
482.15568528599965 72.82071410048512 1057.0
483.59585267651215 72.5046624190982 1058.0
484.52405026017226 71.52328582227902 1059.0
485.2907095803133 70.509113494764 1060.0
486.08182798170515 69.65242189135478 1061.0
487.52657710198923 69.3604638704378 1062.0
489.06011170750713 68.94836872913912 1063.0
490.24871818647523 68.55409045615349 1064.0
491.3264240073669 68.30257460654317 1065.0
492.2129697361008 68.16348983478632 1066.0
493.35571903648287 68.03184930764957 1067.0
494.6246880626344 67.55710143180063 1068.0
496.1215521968354 67.13380269579613 1069.0
497.29283923822766 66.87078529758533 1070.0
498.5275045631023 67.39296862400892 1071.0
499.8989722777589 68.45697853996495 1072.0
500.3544829540508 71.09364983882982 1073.0
500.8932803875895 74.10656101762423 1074.0
501.550125924995 77.32774704725291 1075.0
502.31998666483497 81.10813430438377 1076.0
503.4508638711899 84.89875867973575 1077.0
504.88145196879276 88.69342572878406 1078.0
506.37910534237807 91.94115250633747 1079.0
507.9670294120861 94.7705032361574 1081.0
509.5071325254513 97.40047527521118 1082.0
511.15831482406526 99.9065233630665 1083.0
513.0214547491343 102.52693042011536 1084.0
515.7106068595816 105.8043192786151 1085.0
518.2381561330556 109.03221916121065 1086.0
521.1945023043783 112.23064484647742 1087.0
524.5511563919015 115.07462094319393 1088.0
528.1779652093314 118.07036489247226 1089.0
531.4831312748776 121.04759240812179 1090.0
534.1720618702175 123.60094710908761 1091.0
537.1022221355369 126.14579601617754 1092.0
539.7185298168667 128.6717204045533 1093.0
542.2902712880108 130.99094954925133 1094.0
544.6966121156784 133.37312132381638 1095.0
545.721261649429 135.9601948295795 1096.0
546.6104829889788 137.90862909228832 1097.0
546.8416736246796 139.4519023012005 1098.0
547.0544306626533 141.71377827838242 1099.0
547.2036968418868 144.45171384930265 1100.0
547.6946362215098 147.17342522706193 1101.0
548.4381927591875 149.36926388321908 1102.0
548.4381927591875 149.36926388321908 1103.0
548.4381927591875 149.36926388321908 1104.0
548.4381927591875 149.36926388321908 1105.0
548.2146398216557 151.9575886063337 1106.0
548.2146398216557 151.9575886063337 1107.0
547.7781835741561 153.46568378304926 1108.0
547.4993632428537 154.28014135139998 1109.0
547.4993632428537 154.28014135139998 1110.0
546.0306790823573 155.82674015052436 1111.0
545.41523205674 156.58819555398466 1112.0
545.41523205674 156.58819555398466 1113.0
545.41523205674 156.58819555398466 1114.0
545.41523205674 156.58819555398466 1115.0
543.6190832864742 159.11353815434123 1116.0
543.326391186982 159.9004740936688 1117.0
543.001969434794 160.67224695051334 1118.0
540.7746645665127 163.6054531178878 1119.0
538.8461975932108 165.29619938605663 1120.0
536.5613724901813 167.0455395016221 1121.0
534.0403232918617 168.8988532358088 1122.0
531.4965583866137 171.06681138733626 1123.0
528.8083404242768 173.31539519074218 1124.0
526.0889334751874 175.38455496836582 1125.0
523.5085787328967 177.33823364114303 1126.0
520.6538832625738 179.63130845922845 1127.0
517.8132859999588 181.56429935398143 1128.0
515.2431095101832 182.26151020343033 1129.0
