1017
559.2746620919781 400.5286669422636 1.0
559.7084819952663 399.72655583751725 2.0
559.232690523001 398.52348166608164 3.0
558.3517718853446 398.08335301275673 4.0
557.2716743954392 397.4385481361454 5.0
555.9896450369048 396.7046005557881 6.0
554.7928349669594 395.76370640866185 7.0
553.5895750127996 394.60625516157916 8.0
553.1709752900643 392.4795609416563 9.0
552.7955916509783 389.58611918733806 10.0
551.6680747629966 385.9256112741379 11.0
551.1233385101644 383.1324882058511 12.0
550.5468913995699 380.30272329088484 13.0
549.9659884865936 377.33006124184874 14.0
547.9805091604755 374.8343573478636 15.0
545.8197708975669 372.0736932428184 16.0
543.5079253985648 369.1937802228137 17.0
541.0301889290248 365.9774106870237 18.0
538.6131581960959 362.7103809798711 19.0
535.8117259225469 359.2475764103607 20.0
533.0475040845373 355.97520842355704 21.0
530.2044203954467 352.6960283632332 22.0
527.4395313324153 349.3053435246769 23.0
524.7715056981086 345.31680953423535 24.0
523.2336898300249 340.9026879436747 25.0
521.9083659453868 336.31436256514723 26.0
521.0873810277129 331.75815635935294 27.0
520.4019493133576 326.9928044808806 28.0
519.8269462106118 322.4055160860283 29.0
519.6269700061493 317.43395336499 30.0
518.9657434736895 312.72891828699187 31.0
518.1098712168682 308.17694096541817 32.0
516.9706556880565 303.63549380400445 33.0
514.7572528456669 299.7959135360012 34.0
512.7118864579624 296.0667500778804 35.0
510.4514228503915 292.17094195654306 36.0
508.0772358624236 288.8443806146498 37.0
505.5530141018558 285.5767006189554 38.0
502.45669508188905 282.7226807959642 39.0
499.7490662154932 279.9033225739519 40.0
497.4875269696614 277.24006461223854 41.0
495.7294532602714 274.70662874456235 42.0
494.1229764586441 272.2934243060085 43.0
492.4747683350821 269.96951819382076 44.0
491.0204682155984 267.81990132614544 45.0
489.77740716804954 265.8792608116724 46.0
488.38748688406463 263.9381525574047 47.0
487.20479910177596 262.02930287168994 48.0
486.5860102135879 260.1873737511551 49.0
486.0367062179137 258.3562441582172 50.0
485.8503688352101 256.3036059678243 51.0
485.7649053361796 254.0544120492593 52.0
485.6875757315038 251.54487167680162 53.0
485.71386986203 248.98287888634422 54.0
485.9729202304003 247.0774386183839 55.0
486.23079495467135 245.17011209033154 56.0
486.45904260857145 242.6880467404589 57.0
486.70083030648993 239.90495649839485 58.0
487.068545955006 237.02495247116605 59.0
487.3200548142199 235.29992186366695 60.0
487.4453366947502 233.77769756392877 61.0
487.2480199052676 230.75845910257286 62.0
487.0703478963584 228.78735576436458 63.0
486.73586064469544 226.8767506470261 64.0
486.431016629689 224.9381128588491 65.0
486.33372762229357 222.76944619350942 66.0
486.60430216236324 220.5722211457829 67.0
486.8497822882137 218.6308215917051 68.0
486.96113398445755 216.83860690103413 69.0
487.0475120707491 214.9005723482613 70.0
487.09788908149017 212.56774585328122 71.0
487.1162222192103 210.27177186389935 72.0
487.1448584776007 208.23587288410988 73.0
487.1372876854232 205.9576601367506 74.0
486.9888463348376 203.78550903537962 75.0
486.9468607948572 201.45439678109335 76.0
487.0310175390962 199.05093424893695 77.0
487.3568826916197 196.5531455647069 78.0
488.3479529052162 194.39216303098706 79.0
489.5358431984232 192.5773922717089 81.0
490.9315730346334 191.84568871088112 82.0
492.51144077757 191.1056464131485 83.0
494.2947858053126 190.92690774821287 84.0
495.9351985472754 190.68315253363062 85.0
497.24975459217353 190.06200590656738 86.0
498.42825433390965 189.49893192469855 87.0
499.9288956609199 189.03974618612335 88.0
501.7641301428188 188.4533014245021 89.0
501.7641301428188 188.4533014245021 90.0
501.7641301428188 188.4533014245021 91.0
504.6825221404458 187.31921152716797 92.0
505.69955263947105 186.9766862809051 93.0
506.8986006012473 186.56469669937724 94.0
508.3125477190159 186.23082677593078 95.0
509.53525839590463 186.52003696855652 96.0
510.80967544171847 186.7525106758904 97.0
510.80967544171847 186.7525106758904 98.0
510.80967544171847 186.7525106758904 99.0
510.80967544171847 186.7525106758904 100.0
510.80967544171847 186.7525106758904 101.0
510.80967544171847 186.7525106758904 102.0
510.80967544171847 186.7525106758904 103.0
510.80967544171847 186.7525106758904 104.0
510.80967544171847 186.7525106758904 105.0
510.80967544171847 186.7525106758904 106.0
510.80967544171847 186.7525106758904 107.0
510.80967544171847 186.7525106758904 108.0
510.80967544171847 186.7525106758904 109.0
510.80967544171847 186.7525106758904 110.0
516.1828250100342 185.85069271745476 111.0
517.8151244452122 184.9513419525997 112.0
519.7877646026595 183.8270114566262 113.0
521.503116196907 182.21706616647177 114.0
523.8226257642422 180.32574066855187 115.0
526.2496066186558 178.50733286033386 116.0
528.7221360674872 176.4019031871746 117.0
531.358134120883 174.3270069934541 118.0
534.0218315504087 172.3038337728513 119.0
536.4952099146624 170.54618499371048 120.0
538.7413820516758 168.798958404521 121.0
540.5315947411491 167.32913238394394 122.0
541.8448024211914 165.89344497824544 123.0
543.0065781301145 164.5696373377404 124.0
543.9269032823486 163.57528642296012 125.0
544.626619539546 162.6901990271385 126.0
545.3202678880283 161.80226615215935 127.0
546.0196287188148 160.83056626447186 128.0
546.5504661370383 159.38334333141208 129.0
546.6531463794956 157.71332350805417 130.0
546.749506070461 155.95807782283302 131.0
546.6669527249578 154.21619635244045 132.0
546.4545447818442 152.11571705422924 133.0
545.3886226027817 149.82464624916696 134.0
545.3886226027817 149.82464624916696 135.0
545.3886226027817 149.82464624916696 136.0
543.440804216162 145.48614346805863 137.0
542.75595220601 142.79271372194208 138.0
541.8255124538773 140.4913046565735 139.0
541.2337076632808 139.24727481342723 140.0
540.9899030828386 138.086899612499 141.0
540.5893786576579 136.23447872418976 142.0
539.8759341398303 135.0094072004187 143.0
539.0636242500932 133.88423211779462 144.0
537.2416055364228 133.37828534244915 145.0
535.9435164843883 132.81027767479569 146.0
534.2224473843145 131.09729119702908 147.0
532.5451086250002 129.08083797760483 148.0
530.7505258866266 128.04419015623918 149.0
529.2829392362769 127.5016823566861 150.0
525.6822492361904 123.55512004182958 151.0
525.6822492361904 123.55512004182958 152.0
521.6590083940309 120.26719404537313 153.0
519.4529351471858 117.79111641960519 154.0
517.4984857166337 115.33780853107473 155.0
515.6962629327151 113.12736834785973 156.0
514.226039833794 110.9453923850637 157.0
512.9481242824686 108.97129898146014 158.0
511.7125453066073 106.87805289998786 159.0
510.4668134794971 104.52902319164748 160.0
509.36680980781887 102.05285119796568 161.0
508.28440747500395 99.30997061771451 162.0
507.28660932203695 96.3035442875352 163.0
506.0190058449363 92.64328405885449 164.0
504.7875492305463 88.9226512456139 165.0
503.97040706768576 85.42946863596381 166.0
503.2694048971186 82.10238981978007 167.0
502.49130445487594 78.46869256494277 168.0
502.04880641640534 75.08225997764042 169.0
501.6090229618547 72.6591066204639 170.0
500.65816641203963 70.7806687732293 171.0
499.45982249296367 69.68930460255199 172.0
498.1529319144017 68.68316259599298 173.0
496.48445690857267 68.31939265267509 175.0
494.6621236246957 68.16572941226482 176.0
492.5570858825825 68.26855920245342 177.0
490.40226222859815 68.32704714026121 178.0
488.14139240166537 68.74042363953588 179.0
486.01444231935614 69.60742285269316 180.0
484.05415537203766 70.26851010248562 181.0
482.5510710068578 70.85365267136258 182.0
481.68122345834826 71.85633273988965 183.0
480.6755079070628 73.0000599828333 184.0
479.05722490250884 74.02731082999725 185.0
477.49038001168714 75.15810480551832 186.0
475.8917275423565 76.69485332484673 187.0
474.8137032294746 78.26118868117427 188.0
474.11377431988865 79.28950644379123 189.0
473.5567532291873 80.18770075833771 190.0
473.5567532291873 80.18770075833771 191.0
473.5567532291873 80.18770075833771 192.0
473.5567532291873 80.18770075833771 193.0
471.9305343451407 82.45073735753893 194.0
471.1730243928997 83.29085357889555 195.0
470.06568711351997 84.53994922186158 196.0
468.7419377132145 86.06119040874344 197.0
467.28635544113155 87.7546418564084 198.0
465.5007732998924 89.59273059495897 199.0
463.5753481168515 91.36059882389904 200.0
461.3859367281369 93.10925974017249 201.0
459.0115189457463 94.70062268181225 202.0
456.70858523969594 95.94829592921627 203.0
454.2488101854302 97.28890204344654 204.0
451.34968317391906 98.65849884323222 205.0
448.1576177856273 100.03422320094005 206.0
445.2471814927271 101.3437004164112 207.0
442.3319228632421 102.65181963880877 208.0
439.95045481079234 104.80872513718609 209.0
438.67115183930093 107.28994402078877 210.0
437.57911479465497 109.37196222739823 211.0
437.4689961482119 111.43994750282582 212.0
437.33621751170347 113.86923035091574 213.0
437.72302025164936 116.36306728339451 214.0
438.27109067149036 118.91735806380332 215.0
438.9546841032551 120.53597915302248 216.0
440.2905972817247 121.8458157807199 217.0
441.9217511022696 122.86798356689305 218.0
444.43477374207157 124.84151458954722 219.0
446.89551680167153 126.93264168562555 220.0
449.1498475158064 128.20526961173604 221.0
450.5488506692043 129.17435230061625 222.0
452.0295524310209 130.39654620199846 223.0
453.1713556701805 132.58604651136565 224.0
454.395009325076 134.75688204104745 225.0
455.9683919806107 136.81312162214468 226.0
458.1281519944954 137.23802466663668 227.0
460.0332462943301 136.91425387008496 228.0
461.4540776543636 135.8816355894456 229.0
462.55479819640084 135.7388862456684 230.0
462.55479819640084 135.7388862456684 231.0
462.55479819640084 135.7388862456684 232.0
462.55479819640084 135.7388862456684 233.0
462.55479819640084 135.7388862456684 234.0
462.55479819640084 135.7388862456684 235.0
462.55479819640084 135.7388862456684 236.0
462.55479819640084 135.7388862456684 237.0
462.55479819640084 135.7388862456684 238.0
462.55479819640084 135.7388862456684 239.0
462.55479819640084 135.7388862456684 240.0
462.55479819640084 135.7388862456684 241.0
462.55479819640084 135.7388862456684 242.0
462.55479819640084 135.7388862456684 243.0
462.55479819640084 135.7388862456684 244.0
462.55479819640084 135.7388862456684 245.0
462.55479819640084 135.7388862456684 246.0
463.7659221824829 134.43044052004666 247.0
464.2637995791781 133.83374125314515 248.0
464.9240629448369 132.40219317766744 249.0
464.9146818777388 130.65548640010996 250.0
464.2243389649203 128.7545313105905 251.0
461.61609339606514 125.81695845098992 252.0
461.61609339606514 125.81695845098992 253.0
459.791773528909 124.31049915282526 254.0
457.9207856576379 122.69664013434273 255.0
455.98525929369964 121.00484652834874 256.0
453.2603911017043 116.81658950203625 257.0
453.09533360784906 114.43296643392193 258.0
453.5624160112433 112.3878623356945 259.0
454.1344388494273 110.6757200802572 260.0
454.3424013993853 108.72930308942962 261.0
453.8203542023356 106.49733570933277 262.0
453.17763827128215 104.49554919392759 263.0
452.55284961848463 102.8063101298619 264.0
452.13533599136906 100.87589089259576 265.0
452.0748807856279 99.25964648748413 266.0
452.1928115076922 97.84415729960708 267.0
453.1431644372514 96.66125556736156 268.0
454.41386963628867 95.87002695394159 269.0
456.04698862683756 94.9813927657167 270.0
457.88008387956285 94.04371067689326 271.0
459.82985647397936 93.047625884038 272.0
461.7116285703836 91.9084990680476 273.0
463.4006453579764 90.81493897811211 274.0
464.8058655168969 89.79606580846081 276.0
465.67504934329685 89.06562598301731 277.0
466.01415875167606 88.71334689187351 278.0
466.42363032779986 87.9874191628764 279.0
466.42363032779986 87.9874191628764 280.0
466.42363032779986 87.9874191628764 281.0
466.9253108187056 87.48111273107014 282.0
467.5839382889444 86.71148293151006 283.0
468.58757356218644 85.61453911949293 284.0
469.7657501602188 84.4908585483202 285.0
471.2373214389798 82.99467043473703 286.0
472.9103752523687 81.22300117167137 287.0
474.49210261416783 79.47084513628316 288.0
476.0379278182855 77.79102295704132 289.0
477.5590322280428 76.45047732942584 290.0
478.844178839204 75.55247442742426 291.0
479.961528832943 74.88301686602252 292.0
481.52022978911907 73.77458284519483 293.0
483.5294113330938 72.57452753503897 294.0
485.74203400472766 71.37533516160765 295.0
487.83153552100276 70.43800979204967 296.0
490.10084584557916 69.50136197015522 297.0
492.08196536558023 69.07857048888124 298.0
493.7723403965543 68.6879467174492 299.0
494.8780917769112 68.42648519504037 300.0
494.8780917769112 68.42648519504037 301.0
494.8780917769112 68.42648519504037 302.0
495.8839532676317 68.08487925957937 303.0
496.43974315308105 67.55188130420974 304.0
497.26958103598105 66.79398899827042 305.0
498.1454811710357 65.68769630826203 306.0
498.6510342764244 63.98853144431154 307.0
499.0941572354194 62.2573600438175 308.0
499.3612048613748 60.375985228113734 309.0
499.5330623093752 58.441100193950824 310.0
499.5661361381205 56.540614418697196 311.0
499.4548929888336 54.03264272375761 312.0
499.08948129087 50.803816310649474 313.0
498.5303212899485 47.373068740821104 314.0
497.717658307054 43.638753927712806 315.0
496.56711260902136 39.663243641650624 316.0
495.17885389242554 35.86418077845897 317.0
493.4005760052635 31.788687216316628 318.0
491.36571404096554 28.081295494715402 319.0
488.6361501446596 24.291306850717564 320.0
485.53694955924595 20.217935496008003 321.0
482.07825337826364 17.328268094502594 322.0
478.59148288658344 14.800442163105158 323.0
474.6147881982896 12.305132014566121 324.0
470.2671782839908 9.386976041708959 325.0
461.80827899304927 4.828619605909915 326.0
457.296880440112 3.0903081800882806 327.0
457.296880440112 3.0903081800882806 328.0
448.40115615288687 1.3407285244404754 329.0
444.028603310521 1.228182540350999 330.0
439.8841428347682 1.3179810247242711 331.0
436.2365166669799 1.5391441481425834 332.0
433.13832942324484 1.8173853034131653 333.0
430.73331240430673 2.152350510641717 334.0
428.35728374763244 2.7038585332997886 335.0
428.35728374763244 2.7038585332997886 336.0
426.25838195178665 3.114824384209359 337.0
423.456705837538 3.7436551707386374 338.0
422.5985636014194 4.328883518133115 339.0
422.06383748778813 5.065831140951663 340.0
421.4330577573572 5.741184522934043 341.0
420.884470049157 6.341750345519257 342.0
420.4381245330757 6.575826331467732 343.0
419.4769373330015 6.861778549126508 344.0
418.1313248710052 7.462050818098761 345.0
416.17318029401633 8.387590582162039 346.0
414.07822096659993 9.367116157110987 347.0
411.48728509949797 10.305619455109415 348.0
408.4170526001267 11.186647443401329 349.0
405.2275117765901 12.178079037249686 351.0
401.97004928871166 13.163692541479481 352.0
398.3289789974767 13.927468297319493 353.0
395.0266823295525 14.09170099469697 354.0
391.87006872659117 14.390765218815698 355.0
388.8014190613917 14.846060546785075 356.0
385.9249811398272 15.95064580971981 357.0
383.1510058639609 17.301411369802214 358.0
381.9721641100381 19.38518309592874 359.0
381.0244002035057 21.37267751081036 360.0
380.5166759799086 24.043212345742635 361.0
380.45165079826234 26.994470183595418 362.0
380.7861670371618 30.064790338357028 363.0
380.91998628368003 33.200454436488116 364.0
381.2936510149854 36.73272432864389 365.0
381.5203362367598 40.5332172033367 366.0
381.6092116350121 44.661011270206316 367.0
381.4998521582768 48.81401926286144 368.0
380.90892586479947 53.32050438876826 369.0
379.4048234850619 57.89432387921531 370.0
377.7193744362522 61.35856231692736 371.0
375.79249125540537 65.2837298784507 372.0
373.08992027118654 69.05938638661294 373.0
369.61330586298266 72.31300472659699 374.0
366.08529639127306 75.62224582113522 375.0
362.90089727576077 78.35048980666484 376.0
360.0079675291281 80.67489846931358 377.0
357.30396627796983 82.87465848656174 378.0
354.63856393176275 84.81801147565854 379.0
352.65615662868913 85.93368008523127 380.0
350.08134651789715 87.38969800784766 381.0
348.43762222500845 88.40030142088389 382.0
347.6388248697607 88.86831280885602 383.0
346.98789593545627 89.38412320407372 384.0
346.98789593545627 89.38412320407372 385.0
346.98789593545627 89.38412320407372 386.0
346.98789593545627 89.38412320407372 387.0
346.98789593545627 89.38412320407372 388.0
346.98789593545627 89.38412320407372 389.0
346.98789593545627 89.38412320407372 390.0
346.98789593545627 89.38412320407372 391.0
346.98789593545627 89.38412320407372 392.0
346.98789593545627 89.38412320407372 393.0
346.98789593545627 89.38412320407372 394.0
346.98789593545627 89.38412320407372 395.0
346.98789593545627 89.38412320407372 396.0
346.98789593545627 89.38412320407372 397.0
346.98789593545627 89.38412320407372 398.0
346.98789593545627 89.38412320407372 399.0
346.98789593545627 89.38412320407372 400.0
346.98789593545627 89.38412320407372 401.0
346.98789593545627 89.38412320407372 402.0
346.98789593545627 89.38412320407372 403.0
346.98789593545627 89.38412320407372 404.0
346.8027834922714 89.52117982652253 405.0
346.8027834922714 89.52117982652253 406.0
346.10258936474213 90.19357167329481 407.0
345.44730262632925 91.3964048670874 408.0
344.6425504746428 92.51551345505277 409.0
343.39697708759644 93.80241311740347 410.0
341.6558629626395 95.27938105046915 411.0
339.6771096655258 97.18044505406779 412.0
337.66221060838245 99.0758181556239 413.0
335.63070875863303 100.85582106901958 414.0
333.3825086102827 102.6771737302458 415.0
330.3054728343288 104.54270311755248 416.0
326.9160449797465 105.79690745046723 417.0
320.115475813611 110.12322935779495 418.0
320.115475813611 110.12322935779495 419.0
317.1273629991168 113.15606588125173 420.0
314.91824982264006 116.68361171391135 421.0
310.23842762617636 122.8162045851796 422.0
307.86928857123826 125.69151665263381 423.0
305.32691591630487 128.52021477455435 424.0
303.09435200707287 130.99745813096135 425.0
300.96073405564715 133.12795204665122 426.0
299.0889258784082 135.10973536866567 427.0
296.8680129731314 136.15484236122552 428.0
294.6225999248252 137.41290043476488 429.0
292.27352146936914 138.77122069146967 430.0
289.4775224185743 140.2349854901844 431.0
287.26760846238886 141.34611114680658 432.0
284.9221019257025 142.61726227571785 433.0
282.8616508749727 144.50383220731229 434.0
280.3715437461074 146.29721564877613 435.0
277.76245181139006 148.04026453856451 436.0
275.00475797692644 149.85660113040603 437.0
272.2809140533657 151.5016025646634 438.0
269.7947545430198 152.91245749243888 439.0
267.48821654693234 154.21833753880753 440.0
265.1707244259705 155.4236444027456 441.0
262.83349649551076 156.64417541475066 442.0
260.5143845825157 157.8162777789349 443.0
258.2164410370522 158.81115232723988 444.0
255.54789402975865 159.5237342912646 445.0
252.83513631124237 160.33940818392202 446.0
250.1486253311649 161.06044901747364 447.0
247.303995168575 161.6580526429211 448.0
244.83924890812807 162.23856744218452 449.0
242.83956525323805 162.67217316255758 450.0
240.80706086292258 162.93212396353854 451.0
239.02056256828132 163.11268296729887 452.0
237.218419418657 163.18937112062596 453.0
235.1876187802318 163.17891763907332 455.0
232.78364324936558 162.9003006440514 456.0
230.0915175824473 162.41358137973887 457.0
227.53555492950215 161.76161286537197 458.0
224.90158135610483 160.39188341029038 459.0
221.94401713302216 158.83523931738165 460.0
219.3382268930493 157.43314511903918 461.0
216.6731458181328 155.89077580572962 462.0
214.10783548507305 154.20269264665086 463.0
211.99176266524768 151.9621372828412 464.0
210.30195981094414 149.75795190487776 465.0
208.6129595037679 147.1924283538939 466.0
206.88094467690024 144.413112864932 467.0
205.16023289144073 141.65945542390102 468.0
203.5276763019735 139.24134406093313 469.0
201.7905142514013 136.80817847851 470.0
199.856664978889 134.21688848937293 471.0
198.10954623074775 131.26169741343932 472.0
196.44736025312932 128.37016362417552 473.0
194.68686778243637 125.45770670359921 474.0
192.97334266029605 122.63134088182396 475.0
191.7016030582804 120.36898558488393 476.0
190.93630955618903 118.37734832361707 477.0
190.33587146060955 116.53002038750537 478.0
189.79741149039023 114.20796601596818 479.0
189.35205916958813 111.98377314237416 480.0
188.64499539710135 110.68795920657418 481.0
187.46864684577423 109.54680109987487 482.0
186.37921552240118 109.18905581054085 483.0
185.2110761107084 109.03691775824603 484.0
184.2157473553787 108.92443928265796 485.0
183.55736279701603 109.1563276277952 486.0
183.13467485649016 109.9332478593592 487.0
182.87489107217942 111.16286228212877 488.0
183.1262833762209 112.7871102949766 489.0
183.48440831061083 114.65393159397384 490.0
183.8188481174127 116.79646973627779 491.0
184.11149854231024 118.53006103646092 492.0
184.54593424950656 120.50386951761716 493.0
184.9241916390617 122.79879373901169 494.0
185.50763672914195 124.60644027974878 495.0
186.20156940153203 126.16144893152422 496.0
186.78894980993755 126.87890872299133 497.0
186.78894980993755 126.87890872299133 498.0
186.78894980993755 126.87890872299133 499.0
186.78894980993755 126.87890872299133 500.0
186.78894980993755 126.87890872299133 501.0
186.78894980993755 126.87890872299133 502.0
186.78894980993755 126.87890872299133 503.0
186.78894980993755 126.87890872299133 504.0
186.78894980993755 126.87890872299133 505.0
186.78894980993755 126.87890872299133 506.0
186.78894980993755 126.87890872299133 507.0
186.78894980993755 126.87890872299133 508.0
186.78894980993755 126.87890872299133 509.0
186.78894980993755 126.87890872299133 510.0
186.78894980993755 126.87890872299133 511.0
186.78894980993755 126.87890872299133 512.0
186.78894980993755 126.87890872299133 513.0
186.78894980993755 126.87890872299133 514.0
186.78894980993755 126.87890872299133 515.0
186.78894980993755 126.87890872299133 516.0
186.78894980993755 126.87890872299133 517.0
186.78894980993755 126.87890872299133 518.0
186.78894980993755 126.87890872299133 519.0
186.78894980993755 126.87890872299133 520.0
186.49940237548407 130.5078048539391 521.0
186.49940237548407 130.5078048539391 522.0
187.56740079520648 131.57626767515572 523.0
188.6401564029972 132.80563452421063 524.0
190.0820012464107 134.68710643965773 525.0
193.31656450902676 139.2441416068966 526.0
194.76702980552585 141.73364779022828 527.0
196.04362558277694 144.05964311324715 528.0
197.0790151197632 146.37922228541768 529.0
198.15805177300217 148.71087384542517 530.0
199.33467055863366 150.86837048814908 531.0
201.1574454135278 152.4469312054825 532.0
202.85027311864832 153.8689092698133 533.0
205.33559553075395 154.5113791573794 534.0
207.9159234378073 155.43431861484407 535.0
210.53464403157523 157.36104312322175 536.0
213.4390062382792 159.46899283743204 537.0
216.46444296717664 161.5805495156501 538.0
219.82648723358164 163.6679306481293 539.0
223.03363374758663 165.40681318468796 540.0
226.51918272288333 166.41708517558263 541.0
229.72056805125902 167.33867089812378 542.0
232.88032833043178 168.28078827947834 543.0
235.7971650248718 168.97547035866873 544.0
238.5521044123838 169.49869011938486 546.0
241.1521506112743 169.6711494836839 547.0
243.80241929213798 169.90696077888666 548.0
246.94290926470086 170.6936909178794 549.0
250.36997787321417 171.75086937703068 550.0
253.4586988522517 172.79183834930203 551.0
256.00527110674403 173.68680772609227 552.0
258.5382299240378 174.70640961894458 553.0
260.90060365466894 176.80026136946398 554.0
263.03628936741063 178.9094601493257 555.0
265.17836496261316 181.07994086256656 556.0
267.1250874047106 183.21349084033582 557.0
269.07648367785526 185.36059643155548 558.0
271.17823739756176 187.90364941456772 559.0
273.6532716539343 190.86737504313342 560.0
275.49972457000496 194.19074068985452 561.0
277.075397756067 197.1366380766697 562.0
277.85433181266416 199.23185310060074 563.0
278.30629217429697 201.14338507100373 564.0
278.7549985978207 203.48601637581527 565.0
279.0942554228438 205.9410224267524 566.0
279.16307634575037 208.54148184708546 567.0
279.1555359158522 211.11902660224703 568.0
278.67683035069075 213.1084971862597 569.0
278.35374265158356 214.3561107522686 570.0
278.1189813194729 215.47339290018806 571.0
277.9196883707849 216.23678719830335 572.0
277.5510398271653 217.4312872795459 573.0
277.10397615519435 218.97348932587755 574.0
276.668202131555 220.55802083855878 575.0
276.4116263096882 221.4848776832279 576.0
276.26125693842994 222.307362131787 577.0
276.25743159843125 223.0618356491412 578.0
276.25743159843125 223.0618356491412 579.0
276.25743159843125 223.0618356491412 580.0
276.25743159843125 223.0618356491412 581.0
276.25743159843125 223.0618356491412 582.0
276.25743159843125 223.0618356491412 583.0
276.25743159843125 223.0618356491412 584.0
276.25743159843125 223.0618356491412 585.0
276.25743159843125 223.0618356491412 586.0
276.25743159843125 223.0618356491412 587.0
276.25743159843125 223.0618356491412 588.0
276.25743159843125 223.0618356491412 589.0
276.08923103927145 224.12125696002147 590.0
276.04318155987175 225.24814318428795 591.0
276.14301327311387 226.05731368797385 592.0
276.3591215922953 226.99575368805029 593.0
276.7652074261002 228.42668668188085 594.0
277.4947056929142 230.68775630816273 595.0
278.3418356312266 232.84342327487877 596.0
279.4034444737541 235.36861473179465 597.0
280.59218305423923 237.9993210882375 598.0
281.8362408843248 240.42754083986645 599.0
283.1689941128046 242.77745914347594 600.0
284.5242385547662 244.9719753423877 601.0
286.17132304100124 247.1698744192928 602.0
287.8805689732241 249.34650767314955 603.0
289.72325230975963 251.32231256241226 604.0
292.1167504838919 253.00190347653796 606.0
294.86697197721514 254.8736798634547 607.0
298.3308550316182 257.31213626746086 608.0
301.67130960324505 259.7120400553875 609.0
305.10058563172896 262.45650256215265 610.0
308.65015205917445 265.6687474902466 611.0
311.9784912461459 268.94460687289427 612.0
315.3406381334585 272.5492854428094 613.0
318.29476386660656 276.09591339852534 614.0
320.88099816721723 279.65583527768763 615.0
323.13697042065183 283.2058569284902 616.0
325.4785300052424 287.0288276952887 617.0
327.3782125107359 290.4322543156263 618.0
329.081827834212 293.81731161097565 619.0
330.0460220340946 297.41883014511444 620.0
330.8321024094538 300.3970589148477 621.0
331.6027300450112 303.0349102926928 622.0
332.2822708147102 304.75503708411134 623.0
332.68737162706924 305.7116390894822 624.0
332.68737162706924 305.7116390894822 625.0
332.68737162706924 305.7116390894822 626.0
332.68737162706924 305.7116390894822 627.0
332.68737162706924 305.7116390894822 628.0
332.68737162706924 305.7116390894822 629.0
332.68737162706924 305.7116390894822 630.0
332.68737162706924 305.7116390894822 631.0
332.68737162706924 305.7116390894822 632.0
332.68737162706924 305.7116390894822 633.0
332.68737162706924 305.7116390894822 634.0
332.68737162706924 305.7116390894822 635.0
332.68737162706924 305.7116390894822 636.0
332.68737162706924 305.7116390894822 637.0
332.9232275338172 306.2442072043327 638.0
333.2490930659448 306.9188923543699 639.0
333.75011227034184 307.9295199280565 640.0
334.58895777410294 309.1719085484996 641.0
335.7295141715554 311.00918859880863 642.0
336.36501249152377 312.53280706385056 643.0
337.1857262279951 314.41898568654244 644.0
337.88457666449943 316.2667093863706 645.0
338.37159568769783 318.62001983670126 646.0
339.2079773151582 321.37183685192605 647.0
340.17815933248283 324.4882651385323 648.0
341.15200246142837 327.8608468671139 649.0
342.2058583526786 331.47833064378074 650.0
343.20369678234584 334.9217775960511 651.0
344.33764091218086 338.6898466372397 652.0
345.54568416019697 342.5758659388531 653.0
346.613521761479 347.73346050258345 654.0
347.2396129999315 352.51100124960004 655.0
347.481470563236 358.0856468587907 656.0
346.79309965729215 363.8095928305165 657.0
345.8599571103126 369.5080482324565 658.0
344.4654863625593 374.7875987023868 659.0
342.8959774845401 379.703921379095 660.0
339.94088811400644 388.4009724661667 661.0
339.94088811400644 388.4009724661667 662.0
338.77744353106397 392.2107613203289 663.0
337.90769601268556 394.58764728736963 664.0
336.60381207190403 399.86180848949317 665.0
336.2813859185237 402.1517727556823 666.0
336.05259932936036 404.4434201043937 667.0
335.6846353560614 406.5740099079365 668.0
335.328577166365 408.8244508013665 669.0
334.96712185243183 411.05979293532414 670.0
334.90958380916044 412.224997144643 671.0
334.90958380916044 412.224997144643 672.0
334.90958380916044 412.224997144643 673.0
334.90958380916044 412.224997144643 674.0
334.90958380916044 412.224997144643 675.0
334.90958380916044 412.224997144643 676.0
334.90958380916044 412.224997144643 677.0
334.90958380916044 412.224997144643 678.0
334.90958380916044 412.224997144643 679.0
334.90958380916044 412.224997144643 680.0
334.90958380916044 412.224997144643 681.0
334.90958380916044 412.224997144643 682.0
334.90958380916044 412.224997144643 683.0
334.90958380916044 412.224997144643 684.0
334.90958380916044 412.224997144643 685.0
334.90958380916044 412.224997144643 686.0
334.90958380916044 412.224997144643 687.0
334.90958380916044 412.224997144643 688.0
331.7419401936695 414.75252429546134 689.0
331.44578060454245 417.05785365564304 690.0
331.45939455646095 419.43072049470055 691.0
331.6715902023612 421.5588840699223 693.0
331.8606612093402 424.3491772755558 694.0
331.8924535205558 427.42087912631916 695.0
331.88406636002094 430.40814789457147 696.0
331.8276691736867 433.03004665814586 697.0
331.91446635536727 435.30078712671053 698.0
332.01407908755266 437.53906922782636 699.0
332.3551214279168 439.88180704614143 700.0
332.9209082920228 442.64315011030504 701.0
333.63088176723096 445.3911885377721 702.0
334.64170603576747 448.04178891072786 703.0
336.3606852875295 450.7985321872408 704.0
337.9456493439426 453.4478182444877 705.0
339.35316290568375 455.835421386272 706.0
340.96548874710663 458.2829437925187 707.0
342.64644782834387 460.7792042098865 708.0
344.15897880514035 462.98628946342353 709.0
345.5373809869484 464.9227356421239 710.0
346.8981804740673 466.9614802925136 711.0
348.1530983139048 468.928244966869 712.0
349.2267531095388 470.5860104987465 713.0
350.4196576547391 472.1813829625863 714.0
351.4816521903984 473.6771608550476 715.0
351.734822332185 474.54899015215545 716.0
352.23343350923255 475.70285378312695 717.0
352.72401022823993 476.83190064143935 718.0
353.08408476713583 477.679501263395 719.0
353.32508705621933 478.37736542560054 720.0
353.4800199783858 479.04521641310936 721.0
353.80957130855415 480.0591293108046 722.0
354.1728671661957 481.1424373639106 723.0
354.66138122537313 482.5729852185151 724.0
355.0727787173966 484.37424535860123 725.0
355.42863301145906 486.3505342979974 726.0
355.7405411790671 488.6456191473686 727.0
356.0117755319083 491.1462523779081 728.0
356.27320607245963 493.6959575849976 729.0
356.5551090810103 496.5113158824711 730.0
356.7633326644472 499.20802905383266 731.0
356.9945472434674 502.2372768548714 732.0
357.5062851516208 505.61404602844834 733.0
358.79440713470444 508.2675876077188 734.0
360.0841717201297 510.7150767951743 735.0
361.853264263617 513.3413080175372 736.0
363.8130685859806 515.8751465136014 737.0
366.41217312060365 518.9005622870998 738.0
369.14248174807517 522.2458281846725 739.0
372.45195009984195 526.1177256978397 740.0
375.9428403582467 530.1036894729962 741.0
379.2478809520493 533.6969352848982 742.0
382.4095089775982 536.782387236923 743.0
385.48937796874634 539.4156218658734 744.0
388.29407501178355 541.5402438199657 745.0
390.9901487239427 543.6138218923281 746.0
396.42978557472134 547.4160069929632 747.0
396.42978557472134 547.4160069929632 748.0
400.2171516836004 549.8446510663399 749.0
401.89365217603995 550.8398520534747 750.0
403.3007877120296 551.6389661109681 751.0
405.16871991731375 552.7686717097281 752.0
408.0062708606065 554.3946212764192 753.0
410.95111681989255 556.1337822559595 754.0
414.0343260882355 557.8982694905866 755.0
417.24158317980454 559.7060169065494 756.0
420.48027826972776 561.6386023326007 757.0
423.49974327094594 563.5647492171282 758.0
426.27123377479336 565.5314970781725 759.0
428.71320344750814 567.3088660850333 760.0
431.1228980520186 569.1121564048805 761.0
432.5351453296916 570.3580566659443 762.0
433.5345354625074 571.2893992976101 763.0
434.3155149736282 572.0272833386672 764.0
434.7548802404476 572.6605606049435 766.0
434.7548802404476 572.6605606049435 767.0
434.7548802404476 572.6605606049435 768.0
434.7548802404476 572.6605606049435 769.0
434.7548802404476 572.6605606049435 770.0
434.7548802404476 572.6605606049435 771.0
434.7548802404476 572.6605606049435 772.0
434.7548802404476 572.6605606049435 773.0
434.7548802404476 572.6605606049435 774.0
434.7548802404476 572.6605606049435 775.0
434.7548802404476 572.6605606049435 776.0
434.7548802404476 572.6605606049435 777.0
434.7548802404476 572.6605606049435 778.0
434.7548802404476 572.6605606049435 779.0
434.7548802404476 572.6605606049435 780.0
434.7548802404476 572.6605606049435 781.0
434.7548802404476 572.6605606049435 782.0
434.7548802404476 572.6605606049435 783.0
434.7548802404476 572.6605606049435 784.0
434.7548802404476 572.6605606049435 785.0
434.7548802404476 572.6605606049435 786.0
434.7548802404476 572.6605606049435 787.0
434.7548802404476 572.6605606049435 788.0
434.7548802404476 572.6605606049435 789.0
434.7548802404476 572.6605606049435 790.0
434.7548802404476 572.6605606049435 791.0
434.7548802404476 572.6605606049435 792.0
434.7548802404476 572.6605606049435 793.0
434.7548802404476 572.6605606049435 794.0
434.7548802404476 572.6605606049435 795.0
434.7548802404476 572.6605606049435 796.0
434.7548802404476 572.6605606049435 797.0
434.7548802404476 572.6605606049435 798.0
434.7548802404476 572.6605606049435 799.0
434.7548802404476 572.6605606049435 800.0
434.7548802404476 572.6605606049435 801.0
434.7548802404476 572.6605606049435 802.0
434.7548802404476 572.6605606049435 803.0
434.7548802404476 572.6605606049435 804.0
434.7548802404476 572.6605606049435 805.0
434.7548802404476 572.6605606049435 806.0
434.7548802404476 572.6605606049435 807.0
434.7548802404476 572.6605606049435 808.0
434.7548802404476 572.6605606049435 809.0
434.7548802404476 572.6605606049435 810.0
434.7548802404476 572.6605606049435 811.0
434.7548802404476 572.6605606049435 812.0
434.7548802404476 572.6605606049435 813.0
438.05767949891606 574.9943636677597 814.0
439.23251885450134 575.7419036980458 815.0
440.55849835669596 576.423163986302 816.0
442.19047239454864 577.0117146728634 817.0
443.80142737824684 577.7181464893062 818.0
445.4801541853094 578.3547825883712 819.0
447.14346198083285 579.1515840608379 820.0
449.63467960978574 580.5930538520892 821.0
451.96268712635066 582.1432102891365 822.0
454.1273324488546 583.6903958543706 823.0
455.9837900221569 584.9863045653354 824.0
458.24619804919087 586.4370153554497 825.0
460.60648855660645 587.6917833850474 826.0
463.36442629319095 588.576008886637 827.0
470.11179421263455 589.9825027459611 828.0
473.4773512642738 590.4691371466203 829.0
476.77299398278865 590.8870237791833 830.0
480.0037216167291 591.3340812855024 831.0
483.0881271589001 591.7447109664912 832.0
486.0398941291992 592.1155013582786 833.0
488.4987219282727 592.6224480690736 834.0
490.6226317280683 592.884582392527 836.0
492.42084820029555 593.3535263037487 837.0
494.12846281752843 593.807487288781 838.0
495.36463610237865 594.5093212981349 839.0
496.31895304841385 594.7749521823247 840.0
496.9686652243659 595.0516999846624 841.0
496.9686652243659 595.0516999846624 842.0
496.9686652243659 595.0516999846624 843.0
496.9686652243659 595.0516999846624 844.0
496.9686652243659 595.0516999846624 845.0
496.9686652243659 595.0516999846624 846.0
496.9686652243659 595.0516999846624 847.0
496.9686652243659 595.0516999846624 848.0
496.9686652243659 595.0516999846624 849.0
496.9686652243659 595.0516999846624 850.0
496.9686652243659 595.0516999846624 851.0
496.9686652243659 595.0516999846624 852.0
496.9686652243659 595.0516999846624 853.0
496.9686652243659 595.0516999846624 854.0
496.9686652243659 595.0516999846624 855.0
496.9686652243659 595.0516999846624 856.0
496.9686652243659 595.0516999846624 857.0
496.9686652243659 595.0516999846624 858.0
496.9686652243659 595.0516999846624 859.0
496.9686652243659 595.0516999846624 860.0
496.9686652243659 595.0516999846624 861.0
496.9686652243659 595.0516999846624 862.0
496.9686652243659 595.0516999846624 863.0
496.9686652243659 595.0516999846624 864.0
496.9686652243659 595.0516999846624 865.0
496.9686652243659 595.0516999846624 866.0
496.9686652243659 595.0516999846624 867.0
496.9686652243659 595.0516999846624 868.0
496.9686652243659 595.0516999846624 869.0
496.9686652243659 595.0516999846624 870.0
496.9686652243659 595.0516999846624 871.0
496.9686652243659 595.0516999846624 872.0
496.9686652243659 595.0516999846624 873.0
496.9686652243659 595.0516999846624 874.0
496.9686652243659 595.0516999846624 875.0
496.9686652243659 595.0516999846624 876.0
496.9686652243659 595.0516999846624 877.0
496.9686652243659 595.0516999846624 878.0
496.9686652243659 595.0516999846624 879.0
496.9686652243659 595.0516999846624 880.0
496.9686652243659 595.0516999846624 881.0
496.9686652243659 595.0516999846624 882.0
496.9686652243659 595.0516999846624 883.0
496.9686652243659 595.0516999846624 884.0
496.9686652243659 595.0516999846624 885.0
496.9686652243659 595.0516999846624 886.0
496.9686652243659 595.0516999846624 887.0
496.9686652243659 595.0516999846624 888.0
496.9686652243659 595.0516999846624 889.0
496.9686652243659 595.0516999846624 890.0
496.9686652243659 595.0516999846624 891.0
496.9686652243659 595.0516999846624 892.0
496.9686652243659 595.0516999846624 893.0
496.9686652243659 595.0516999846624 894.0
496.9686652243659 595.0516999846624 895.0
496.9686652243659 595.0516999846624 896.0
496.9686652243659 595.0516999846624 897.0
496.9686652243659 595.0516999846624 898.0
496.9686652243659 595.0516999846624 899.0
496.9686652243659 595.0516999846624 900.0
496.9686652243659 595.0516999846624 901.0
496.9686652243659 595.0516999846624 902.0
496.9686652243659 595.0516999846624 903.0
496.9686652243659 595.0516999846624 904.0
496.9686652243659 595.0516999846624 905.0
496.9686652243659 595.0516999846624 906.0
496.9686652243659 595.0516999846624 907.0
496.9686652243659 595.0516999846624 908.0
496.9686652243659 595.0516999846624 909.0
496.9686652243659 595.0516999846624 910.0
496.9686652243659 595.0516999846624 911.0
496.9686652243659 595.0516999846624 912.0
496.9686652243659 595.0516999846624 913.0
496.9686652243659 595.0516999846624 914.0
496.9686652243659 595.0516999846624 915.0
496.9686652243659 595.0516999846624 916.0
496.9686652243659 595.0516999846624 917.0
496.9686652243659 595.0516999846624 918.0
496.9686652243659 595.0516999846624 919.0
496.9686652243659 595.0516999846624 920.0
496.9686652243659 595.0516999846624 921.0
496.9686652243659 595.0516999846624 922.0
496.9686652243659 595.0516999846624 923.0
496.9686652243659 595.0516999846624 925.0
496.9686652243659 595.0516999846624 926.0
496.9686652243659 595.0516999846624 927.0
496.9686652243659 595.0516999846624 928.0
496.9686652243659 595.0516999846624 929.0
496.9686652243659 595.0516999846624 930.0
496.9686652243659 595.0516999846624 931.0
496.9686652243659 595.0516999846624 932.0
496.9686652243659 595.0516999846624 933.0
496.9686652243659 595.0516999846624 934.0
496.9686652243659 595.0516999846624 935.0
496.9686652243659 595.0516999846624 936.0
496.9686652243659 595.0516999846624 937.0
496.9686652243659 595.0516999846624 938.0
496.9686652243659 595.0516999846624 939.0
496.9686652243659 595.0516999846624 940.0
496.9686652243659 595.0516999846624 941.0
496.9686652243659 595.0516999846624 942.0
496.9686652243659 595.0516999846624 943.0
496.9686652243659 595.0516999846624 944.0
496.9686652243659 595.0516999846624 945.0
496.9686652243659 595.0516999846624 946.0
496.9686652243659 595.0516999846624 947.0
496.9686652243659 595.0516999846624 948.0
496.9686652243659 595.0516999846624 949.0
496.9686652243659 595.0516999846624 950.0
496.9686652243659 595.0516999846624 951.0
496.9686652243659 595.0516999846624 952.0
496.9686652243659 595.0516999846624 953.0
496.9686652243659 595.0516999846624 954.0
496.9686652243659 595.0516999846624 955.0
496.9686652243659 595.0516999846624 956.0
496.9686652243659 595.0516999846624 957.0
496.9686652243659 595.0516999846624 958.0
496.9686652243659 595.0516999846624 959.0
496.9686652243659 595.0516999846624 960.0
496.9686652243659 595.0516999846624 961.0
496.9686652243659 595.0516999846624 962.0
496.9686652243659 595.0516999846624 963.0
496.9686652243659 595.0516999846624 964.0
496.9686652243659 595.0516999846624 965.0
496.9686652243659 595.0516999846624 966.0
496.9686652243659 595.0516999846624 967.0
496.9686652243659 595.0516999846624 968.0
496.9686652243659 595.0516999846624 969.0
499.02828721162086 597.8538466193022 970.0
499.02828721162086 597.8538466193022 971.0
500.5272857757297 599.2395248360149 972.0
502.1576144596687 600.2107564965991 973.0
504.1582380641358 600.8483575458283 974.0
505.95823382579135 601.1016305952968 975.0
507.9770964734597 601.228182540351 976.0
510.2301289867752 600.6157180833338 977.0
512.7481924282301 599.3122953254159 978.0
515.6405684897726 597.2828629694754 979.0
519.0554381113054 594.678249200531 980.0
522.205849757782 591.776312720046 981.0
525.2233640194256 588.7275755294282 982.0
528.2713723844859 585.7066813357519 983.0
531.6237536029823 582.6521466350268 984.0
534.839978798582 579.593617132886 985.0
538.0524238490394 576.7454041084543 986.0
541.2915179516395 573.4456735380112 987.0
544.3413358401262 569.8600845986074 988.0
547.5279160245533 566.3546103174173 989.0
550.9539109415297 562.3038467022828 990.0
554.0564056992401 558.7793277685963 991.0
557.0255357796301 555.6492726303861 992.0
559.6579403125569 552.9363103173974 993.0
561.9276072208842 550.3507811353189 994.0
563.2338255637468 548.9239099304494 995.0
564.5853969136444 547.5900827109771 996.0
565.6963222948215 546.5688160305641 997.0
566.9901043521509 545.4640861204781 998.0
567.9125034643296 544.5926634233242 999.0
568.2647844333795 543.5527965641186 1000.0
568.2647844333795 543.5527965641186 1001.0
568.2647844333795 543.5527965641186 1002.0
568.2647844333795 543.5527965641186 1003.0
568.2647844333795 543.5527965641186 1004.0
569.5217617448642 542.1054520370907 1005.0
569.5217617448642 542.1054520370907 1006.0
569.5217617448642 542.1054520370907 1007.0
569.5217617448642 542.1054520370907 1005.0
569.5217617448642 542.1054520370907 1006.0
569.5217617448642 542.1054520370907 1007.0
569.5217617448642 542.1054520370907 1008.0
569.5217617448642 542.1054520370907 1009.0
569.5217617448642 542.1054520370907 1010.0
569.5217617448642 542.1054520370907 1011.0
569.5217617448642 542.1054520370907 1012.0
569.5217617448642 542.1054520370907 1013.0
569.5217617448642 542.1054520370907 1014.0
569.5217617448642 542.1054520370907 1015.0
569.5217617448642 542.1054520370907 1016.0
569.5217617448642 542.1054520370907 1017.0
569.5217617448642 542.1054520370907 1018.0
569.5217617448642 542.1054520370907 1019.0
569.5217617448642 542.1054520370907 1020.0
569.5217617448642 542.1054520370907 1021.0
569.5217617448642 542.1054520370907 1022.0
569.5217617448642 542.1054520370907 1023.0
569.5217617448642 542.1054520370907 1024.0
569.5217617448642 542.1054520370907 1025.0
