965
592.1207567480398 422.65607470670705 1.0
592.5424581251266 426.2876869531708 2.0
592.6359427479315 429.75192498421217 3.0
592.3661028541661 433.2026914323906 4.0
591.7998881300394 436.73796144706546 5.0
591.3745126847937 440.13239218366624 6.0
590.3612863363494 443.754206914846 7.0
589.7685366756176 447.5927916668257 8.0
589.2435531606685 451.45464551695227 9.0
588.2601275871696 455.1491251522365 11.0
586.9399124337147 458.9044310257525 12.0
585.7735999125564 462.6054423376994 13.0
584.1292503027518 466.00681297992026 14.0
581.0952864745167 473.311268682252 15.0
579.5052314272964 476.50158452184047 16.0
578.1388863071307 480.0331804683563 17.0
576.6806894833439 483.2332938232288 18.0
576.6806894833439 483.2332938232288 19.0
575.1277833473598 486.2366404168268 20.0
573.9479992430034 489.0522013053592 21.0
571.662728856781 493.6027388176258 22.0
570.5796952135788 495.615311701552 24.0
569.4999274087262 497.2453732685665 25.0
568.6557081949514 499.12690438854236 26.0
567.9760055881138 501.0439515009151 27.0
566.5786350036193 502.8899666290742 28.0
565.3123061829483 504.8139536476472 29.0
565.3123061829483 504.8139536476472 30.0
562.7376008728548 508.45536340881483 31.0
561.9966637969334 509.8008888094372 32.0
561.5945574499523 511.55790984270544 33.0
560.4837641807617 512.982223593397 34.0
560.9756810824068 513.6668249578405 35.0
560.7511546957604 514.914783438061 36.0
560.8564779825888 516.3713473425281 38.0
561.5345476702519 518.2908438332868 40.0
563.0629600185879 519.8715095955039 42.0
564.6722018661225 521.5574986439784 43.0
565.2637268374799 522.1800490798369 44.0
565.6360324095156 522.538883068484 45.0
565.5094811734068 522.3098661540141 46.0
565.0514473446575 521.5742360654626 47.0
564.7681358676939 521.1215092239927 48.0
564.5819830816761 520.8092134316393 49.0
564.3807257932853 520.5144715204254 50.0
564.1831425730353 520.3801639184338 51.0
563.9945404082599 520.2483056948282 53.0
563.6732635604683 520.1217544586922 54.0
563.6732635604683 520.1217544586922 55.0
563.8336978694639 520.2964768104325 56.0
563.8336978694639 520.2964768104325 57.0
564.8016107107893 521.3493014492695 58.0
564.8016107107893 521.3493014492695 59.0
566.6504834473433 523.3206431237916 60.0
566.6504834473433 523.3206431237916 61.0
568.5981477940177 525.7206260819814 63.0
570.3135293879634 528.8999197170929 64.0
570.8695383672413 530.7389949384716 65.0
570.7580916335145 533.7317275577104 67.0
566.5451601605149 537.8679118294076 68.0
560.7862624580396 541.9640895814737 70.0
555.2461759250856 547.7834052931416 71.0
552.1297496784954 550.8104292150043 72.0
548.9749498312767 553.5080116929115 73.0
546.126730559268 556.9314267446664 74.0
542.6608596090973 560.1490939800984 75.0
539.60199376345 563.5949616703448 76.0
536.4729123932444 567.126149387323 77.0
533.222995004046 570.3548388272319 79.0
529.9771599127799 573.607613824943 80.0
527.2007890845043 576.8158917752087 81.0
523.1658458016489 578.8549995959031 82.0
516.5941625795282 584.4171305376025 84.0
511.72887989588776 587.6021393897213 85.0
511.72887989588776 587.6021393897213 86.0
507.70536704725544 590.3654468643725 87.0
507.70536704725544 590.3654468643725 88.0
504.7065109812995 591.2112989976936 90.0
502.0954732195527 591.7273014569414 91.0
502.0954732195527 591.7273014569414 92.0
496.9362650843085 591.0206556835441 93.0
496.9362650843085 591.0206556835441 94.0
491.16471225821783 590.2503260628312 95.0
491.16471225821783 590.2503260628312 96.0
484.46402842122166 589.3379324731109 98.0
477.9658265619997 588.3426682356247 99.0
473.7353412078695 587.4702811661156 101.0
471.42190296586733 587.1212446927525 102.0
469.2970668886406 587.4862021285246 103.0
467.1044646656312 586.7673094614573 104.0
464.9898343332532 585.5254744283618 105.0
461.9530128964692 584.4175387677202 106.0
459.13990138673967 582.7454295316462 107.0
456.52437309726014 580.603856033198 108.0
453.81780956373325 578.471671819336 109.0
451.3394464849937 576.4664470717278 111.0
447.4065606506082 572.8523887064036 112.0
445.90958199640136 571.5297241743906 113.0
445.90958199640136 571.5297241743906 114.0
443.48714639943 569.5579742697507 116.0
442.22326695752554 568.2683763511685 118.0
441.7154290939246 568.15448023824 119.0
441.58887785781576 568.1022268249391 121.0
441.47498174532234 567.9781249671889 122.0
441.47498174532234 567.9781249671889 123.0
441.5864284790492 567.9307703112399 124.0
441.5864284790492 567.9307703112399 125.0
441.86524942828 567.8997448472375 126.0
441.9175028418982 567.8266717135954 127.0
442.02037674996 567.7964627092483 129.0
442.06895609543744 567.7723771514461 130.0
442.07507954234484 567.7646207850104 131.0
442.0718137039954 567.7654372446657 132.0
442.0718137039954 567.7650290151281 133.0
442.0701807848207 567.7646207850104 134.0
442.06936432522883 567.7646207850104 135.0
442.06936432522883 567.7650290151281 136.0
442.0697725550202 567.7646207850104 137.0
442.06895609543744 567.7650290151281 138.0
442.068547865646 567.7654372446657 140.0
442.0681396358455 567.7658454747834 141.0
442.0697725550202 567.7658454747834 142.0
442.0705890146121 567.7658454747834 144.0
440.24131130816386 566.6726060867778 146.0
437.3510443673948 565.1552159429187 147.0
435.7381284517104 564.4714310381306 148.0
434.1015352079879 563.7084495531556 149.0
432.38370423527545 562.9213825103783 150.0
432.38370423527545 562.9213825103783 151.0
427.5710831950447 560.29564847634 153.0
422.0808006969515 556.6497481867779 154.0
415.6973114098148 552.3768069341231 156.0
408.8051677994852 547.7168638367424 158.0
401.27169518295557 543.0679429438385 159.0
401.27169518295557 543.0679429438385 160.0
394.14196183257275 538.4761742221677 161.0
390.5172894925812 536.1406915715289 162.0
386.85506001155284 533.6076256999603 163.0
383.5361517871795 530.718991678366 164.0
380.5683211855704 527.9001649517925 165.0
377.47271465846023 524.9392742567915 167.0
375.76223182203864 522.3372175504377 168.0
373.88723237868004 519.568194858199 169.0
372.1326607245228 517.1375946655444 170.0
370.4597350291379 515.0980786153124 171.0
369.33751132572434 513.5190457724059 172.0
368.2544776825222 512.1673969246585 173.0
367.251865308709 510.8533052181564 174.0
365.1947953772739 507.5348052237013 175.0
365.1947953772739 507.5348052237013 176.0
362.62988758222883 503.2647215795502 177.0
362.62988758222883 503.2647215795502 178.0
360.1543821120564 498.00223130641655 179.0
359.32281802188805 495.36057630996925 180.0
359.32281802188805 495.36057630996925 181.0
358.37939896820154 489.87968309730513 183.0
357.75725676229763 484.81151020589976 185.0
356.84527140274037 479.4694151230416 187.0
355.75611431263076 476.5305688369946 188.0
352.7552170977087 470.65859148132773 190.0
348.9884807894348 464.72048089937925 191.0
345.2417477410671 459.2608156360137 192.0
343.8517252928544 457.1694544020183 194.0
342.66785889056564 455.52592125156076 195.0
341.56278083849116 453.8460556496312 196.0
340.6883526199615 451.65671926511624 197.0
339.6183823301662 449.20978988051496 198.0
338.7696725886588 446.6718252521746 199.0
338.2112142306143 444.43186837308923 200.0
337.94341548581514 442.13475932277083 201.0
337.7715507425874 440.5491948032017 202.0
337.56212885831394 439.2967457951668 203.0
337.21186769515054 436.9481997912028 205.0
337.1122596254473 434.02731561583295 207.0
337.82870291372984 430.5708339506472 209.0
338.24223969494307 427.6679118865347 210.0
338.24223969494307 427.6679118865347 211.0
338.4198196552868 426.68326162340776 212.0
338.48676934148665 426.57303957921835 214.0
338.571272908826 426.9428957723424 215.0
338.571272908826 426.9428957723424 216.0
338.6022983731638 427.05515896596023 218.0
338.61332057759546 427.0706716982515 220.0
338.5986243050139 427.08618442996266 221.0
338.5904597091403 427.1025136219093 222.0
338.5871938707909 427.11149467753796 223.0
338.5876021005823 427.1196592735113 224.0
338.5888267899656 427.12537449051854 225.0
338.59127616872314 427.1306814779882 226.0
338.5937255474897 427.1343555461472 227.0
338.5957666964559 427.13721315465085 228.0
338.60515598172185 427.0608741829675 229.0
338.60515598172185 427.0608741829675 230.0
338.62189340326955 426.6661159723859 232.0
338.89948966311704 423.9207706084119 233.0
338.89948966311704 423.9207706084119 234.0
338.7615079927761 419.9450206453568 235.0
338.7615079927761 419.9450206453568 236.0
338.27898037639693 414.6915114278518 238.0
339.0660474190292 410.64309656185253 239.0
339.0660474190292 410.64309656185253 240.0
341.29089979575065 405.88395362475933 241.0
341.29089979575065 405.88395362475933 242.0
342.25595502851803 401.2011496587693 244.0
343.02016120269514 395.1536334922868 246.0
344.41957293616485 388.6109345851571 248.0
347.33719127313077 382.0804825722774 249.0
347.33719127313077 382.0804825722774 250.0
350.576494687689 375.43246037889037 251.0
351.7036171486358 371.4411976841241 252.0
352.3629082657759 367.301339344268 253.0
352.41720282836025 364.157969931091 254.0
352.6074379123195 360.87784353695633 255.0
352.34045562711214 356.42936347290583 256.0
351.87711481103815 352.52750310314815 257.0
351.26354543081743 349.07020497830706 258.0
350.7246821028696 345.90356646756334 259.0
350.3507436116683 343.50235881960043 260.0
349.9604759287016 341.98170283711994 262.0
349.70288292875125 341.0876795887747 263.0
349.8306588542433 340.88927990876965 264.0
349.92210232807304 340.8088586393897 266.0
350.149078093477 340.6557724670656 267.0
350.149078093477 340.6557724670656 268.0
350.2666482741203 340.4777842767038 269.0
350.2666482741203 340.4777842767038 270.0
350.349518922285 340.265913013836 271.0
350.4556586686962 340.1687543223917 273.0
350.4556586686962 340.1687543223917 274.0
350.4601491964289 340.10996923242806 275.0
350.4617821156037 340.1067033938067 277.0
350.0155869508779 339.29187672564836 279.0
349.36282751043666 336.7975926845179 280.0
349.1795323329768 335.23448080402045 281.0
348.6631216437018 333.4717445537449 282.0
347.8744216818949 331.81514804996215 283.0
346.8505813588103 329.5384504898671 284.0
345.2760390437544 325.9141863797213 285.0
344.33996812635866 323.0761728521173 286.0
343.2936751646013 320.505141610346 287.0
342.151856431082 317.569969392458 288.0
340.993300276006 314.88422557810287 289.0
339.37630206238924 310.6321040452091 290.0
339.37630206238924 310.6321040452091 291.0
336.5815608933821 303.4991048559964 293.0
333.58188836784336 296.3436530288723 294.0
331.9942826993807 292.4381185909557 295.0
329.22893407553664 288.92366829488157 296.0
327.25881709019853 284.8491267222318 297.0
327.25881709019853 284.8491267222318 298.0
322.98791698647364 277.7014312609633 300.0
317.4825299860074 270.43045040160007 301.0
311.688524521253 263.55218660455023 304.0
308.5937344537346 260.707233170746 305.0
302.6772600508127 255.08672536862062 307.0
296.1300706163219 251.05463969398784 309.0
290.70183904690424 247.21238087384916 310.0
288.72478215506675 244.39151299842723 311.0
287.44906404914786 242.6287767481517 312.0
285.75164456613305 240.91176223509464 313.0
284.4779676091803 239.17964321928392 314.0
283.87092990565844 237.70266782517362 315.0
282.9903782402304 235.53374293030194 316.0
281.6995556319295 233.25990297813038 317.0
280.81002291103596 230.9452400466724 318.0
280.10745943574307 228.27990772254066 319.0
279.6445268494606 223.11661728911946 320.0
279.6445268494606 223.11661728911946 321.0
280.43363504105895 218.33624640272768 322.0
280.8798302057938 216.101596511112 323.0
281.1582429252241 214.4637785782419 325.0
281.5632068807723 212.98802787274445 326.0
281.9289807761001 211.4073621111074 327.0
281.5211592120029 211.11017082092758 329.0
281.39134213754465 210.65826043911292 331.0
281.21661978574986 210.3426988087183 333.0
281.1035401328483 210.08265642966592 335.0
281.0884356304754 210.04428282934552 336.0
281.0423056637646 209.83975970279562 337.0
281.02924231035774 209.7115755473489 338.0
280.9769888967395 209.67646778506975 339.0
280.98637818199643 209.5470589404301 340.0
280.98637818199643 209.5470589404301 341.0
280.87452321846916 208.75672605903145 342.0
280.7206205861724 206.7666058141769 343.0
280.7206205861724 206.7666058141769 345.0
280.4054671852882 204.23639755169205 346.0
280.4054671852882 204.23639755169205 347.0
280.0927631631615 201.59882485294136 348.0
280.0927631631615 201.59882485294136 349.0
279.71759998256783 198.97594842740673 351.0
279.13832190503433 196.24121703779187 352.0
279.13832190503433 196.24121703779187 353.0
277.95568019211987 193.1750030559535 354.0
277.95568019211987 193.1750030559535 355.0
274.73393065870124 186.78294094334214 356.0
272.9834413024763 184.505018693474 358.0
269.7772045012312 179.4980802709983 359.0
266.8599943940566 174.95529912458727 360.0
266.8599943940566 174.95529912458727 362.0
264.7951680965303 170.40312869300996 363.0
264.7951680965303 170.40312869300996 364.0
263.05774209372123 166.1481495510324 365.0
262.14044974683026 164.4221539829268 366.0
260.42425169330164 162.64717083898134 367.0
258.38065334506484 161.16774606590502 368.0
256.3517512694005 160.7362471737336 369.0
253.30676523674282 161.0828342687108 370.0
250.07113589032554 161.67884976780104 371.0
247.00043138065473 162.54919568846185 372.0
243.88033106591462 163.0251916280787 373.0
241.13661862114247 163.57262778144678 374.0
238.44638427937184 163.9751423584641 375.0
233.84645096176405 163.02478339796096 377.0
228.69295804363588 161.71150815111415 378.0
228.69295804363588 161.71150815111415 379.0
222.9405920178595 159.57156757139657 381.0
217.0196270872048 156.9719602440088 382.0
217.0196270872048 156.9719602440088 383.0
211.74570637987534 152.23649463518018 385.0
207.51113872780383 146.05630378543665 387.0
203.32270104244316 139.18620458378 389.0
199.22978912885344 132.30059264983208 390.0
195.35078962726084 125.66032682288073 391.0
195.35078962726084 125.66032682288073 392.0
192.6376944170351 119.947559086663 393.0
191.40728981823514 116.87399696850667 394.0
190.969259249392 114.67159723066652 395.0
190.42957946186135 112.56717264276571 396.0
189.6049552781924 110.4219250761586 397.0
189.07833884406858 108.77716723650815 398.0
188.39128810094007 107.7214849897477 399.0
187.64790164626112 107.07974775343897 400.0
186.62120371460946 106.82623705162932 401.0
185.48346727902242 106.66661920206245 402.0
184.18692945361454 106.7396923351244 403.0
183.22269068043897 107.48879400711888 405.0
182.6507607391872 108.82942065038927 406.0
182.6507607391872 108.82942065038927 407.0
182.57687114649713 112.9251901723376 408.0
183.46028042048323 116.96094991454922 410.0
184.01098241244546 121.21878666503044 411.0
184.22775243300975 123.25095457894452 413.0
185.0119618670749 125.91547044400106 415.0
184.98950922841112 126.28206079850372 416.0
184.98950922841112 126.28206079850372 417.0
185.0597247529604 126.26205753897825 418.0
185.15320937576524 125.99017649579356 419.0
185.20954508732484 125.81953644232986 421.0
185.31813421250268 125.73503287467324 422.0
185.31813421250268 125.73503287467324 423.0
185.36018188127213 125.73339995594267 425.0
185.3046626293044 125.8264763485301 426.0
185.2630231903264 125.80279902084564 427.0
185.26833017764199 125.78075461189174 428.0
185.28588405878156 125.77340647557376 429.0
185.2736371649666 126.04365459886763 430.0
185.25812443279318 126.79602210948349 431.0
185.56307208883766 127.28385671265251 432.0
185.75330717278774 127.69290296633241 433.0
185.76147176867045 127.71658029459701 434.0
185.79168077341637 127.77944768283734 436.0
185.73616152144865 127.92436925976828 438.0
185.6528826434926 128.13868990160216 439.0
185.6528826434926 128.13868990160216 440.0
185.56674615697847 128.37505495180983 441.0
185.56674615697847 128.37505495180983 442.0
185.45774880200923 128.7624650266536 444.0
185.38549212849387 129.0351625289135 445.0
185.38549212849387 129.0351625289135 446.0
185.41447644385647 129.13232121977762 448.0
185.47611914274074 129.17110305021578 449.0
185.49816355160397 129.18457463307863 451.0
185.50673637727806 129.19233099951433 453.0
185.50836929645277 129.19682152732867 455.0
185.50836929645277 129.1996791358323 457.0
185.6549237924587 129.53891809449152 458.0
185.6549237924587 129.53891809449152 459.0
186.6946850775172 131.27552763753644 460.0
188.87218279814454 134.43849208070134 462.0
192.00208062794206 138.47751766153434 464.0
194.80825223117216 142.89170642296108 466.0
197.24456764114228 147.18342624594837 468.0
198.01897956015915 151.42983256241502 469.0
198.03694167109012 153.80123943498833 470.0
198.03694167109012 153.80123943498833 471.0
194.3461361044906 157.02298896811683 473.0
188.61254864922802 160.39088476794936 474.0
185.023392301307 161.24204388815994 475.0
181.4117833147222 161.79886932727442 476.0
177.6205532188185 161.7670274030365 477.0
173.56315729729027 161.00894467599352 478.0
169.4559573409195 159.6234127557401 479.0
165.42509635599635 157.65860275730054 480.0
161.22359531722879 155.6888940020892 481.0
156.93228372380628 153.63917220703556 482.0
152.76099168978465 151.6555836382635 483.0
148.79177340374576 149.68179258477542 485.0
141.04520483479274 146.09467738575705 486.0
134.06733296774956 142.60145503956159 488.0
127.26295876309979 140.06104103225516 490.0
123.9101674658487 139.30255007509442 492.0
116.99271360829738 138.49466331313633 493.0
110.95581141617413 139.64423841271966 495.0
106.54774610170017 141.26205308548415 496.0
104.78950037939308 141.8119386178183 497.0
104.78950037939308 141.8119386178183 498.0
103.25333166496574 142.56308143866107 500.0
102.31317844961961 142.8365954005763 501.0
102.31317844961961 142.8365954005763 502.0
99.83808120923857 144.08904440861122 503.0
98.20638672304023 145.31536670941549 504.0
96.68940480892724 146.85765887073214 505.0
95.54799430519938 148.58651204792147 506.0
93.61094393316517 150.73257607418392 507.0
91.89515410941891 152.8023011293432 508.0
89.82338790540229 154.38459981029092 509.0
88.27619698654337 156.03099056925205 510.0
87.22092296932954 157.96232572414303 511.0
86.90862717699429 159.27192690283084 512.0
86.9147506239018 158.94411837818618 514.0
86.90536133864487 158.9502418253112 515.0
86.92781397730857 158.94289368899322 517.0
86.79677221346708 159.12700532589992 519.0
86.92005761122641 159.06781200581855 520.0
86.92005761122641 159.06781200581855 521.0
86.89678851297083 159.06944492512923 522.0
86.89678851297083 159.06944492512923 523.0
86.86494658905019 159.03678654181613 524.0
86.86739596781672 159.0531157331826 526.0
86.86657950822485 159.07189430409528 527.0
86.86657950822485 159.07189430409528 529.0
86.86576304863297 159.0723025336329 531.0
86.86453835925875 159.07311899328823 532.0
86.8641301294582 159.07352722282585 533.0
86.86372189966687 159.07434368248119 534.0
86.86372189966687 159.0747519125989 535.0
86.86372189966687 159.0747519125989 536.0
86.86290544008398 159.07434368248119 537.0
86.86290544008398 159.0747519125989 538.0
86.86249721028355 159.07434368248119 539.0
86.86127252090023 159.07271076375062 540.0
86.86086429110878 159.0723025336329 541.0
86.86086429110878 159.07271076375062 542.0
86.86086429110878 159.07352722282585 543.0
86.86045606131745 159.07271076375062 544.0
86.860047831526 159.0723025336329 545.0
86.85963960172546 159.0723025336329 546.0
86.85923137193413 159.07148607397755 547.0
86.85841491235124 159.07107784443994 548.0
86.85800668255081 159.07107784443994 549.0
86.85719022296792 159.0702613847846 550.0
86.85719022296792 159.07148607397755 551.0
86.85637376337604 159.07189430409528 552.0
86.85637376337604 159.0747519125989 553.0
86.85637376337604 159.07801775064016 554.0
86.8559655335846 159.0784259807579 555.0
86.8559655335846 159.07924244041325 556.0
86.64286958117032 159.48094055719505 557.0
85.74476403460267 160.84565275826765 558.0
85.07771655138038 162.54960391799946 559.0
84.7976709127663 164.39112851834423 560.0
83.87752095732628 166.17264333895233 561.0
83.25864458978094 167.83699620859065 562.0
83.32967657392203 170.04143709585924 563.0
82.52138158200944 172.51939194446294 564.0
81.96904667086335 175.06266356085314 565.0
81.53550662975294 177.82842041447043 566.0
81.31832837939726 180.90443191101264 567.0
81.26199266783772 184.0702539626812 568.0
81.33424934136212 187.18300614139338 569.0
81.60776330326837 190.44639511346367 570.0
81.51591159964721 193.53383704518075 571.0
81.03664982160842 196.29632806017662 572.0
80.63699285338487 198.08641570629564 573.0
78.36641873974406 200.95463823824673 574.0
78.36641873974406 200.95463823824673 575.0
77.34461956562564 202.71533333967398 577.0
74.05102158848308 204.5597155485224 578.0
73.36356261556318 206.11098876488757 579.0
72.91655099124557 207.42303932254143 580.0
72.80061372977696 208.18071382004683 581.0
72.69692336213234 209.07351237919917 582.0
72.93043080423513 209.43561220646762 583.0
72.93043080423513 209.43561220646762 584.0
75.1671218449892 208.66773196414061 586.0
76.78738589695536 205.01734114734433 587.0
80.01362595810679 199.6891258774667 589.0
80.94153227962886 194.73770670691337 591.0
82.92471261837386 188.68774116146486 592.0
82.92471261837386 188.68774116146486 593.0
83.77627996843933 181.14447102995942 594.0
83.77627996843933 181.14447102995942 595.0
84.61600865448122 174.72873158908345 596.0
85.40715799505472 171.51963717916246 597.0
86.11788606622122 168.37994183472455 598.0
86.6498094876697 165.36598126618716 599.0
87.14254284889762 162.00012661578307 600.0
88.51174557762141 159.49073807247908 601.0
89.40903466460622 157.06544486671396 602.0
90.3871532507714 154.66546190852412 603.0
91.54611763563884 152.585939338661 604.0
92.74672145948432 151.08202077766475 605.0
93.60686163522382 149.89570499649156 606.0
94.15388955904524 148.20114312250615 607.0
94.5098659393247 147.54021908574717 609.0
95.12588469831206 146.59965764110817 611.0
96.1664624429443 145.49335489919716 612.0
98.41948267545456 143.72122936433547 614.0
102.66139846381685 142.06544932020805 615.0
102.66139846381685 142.06544932020805 616.0
108.5215371551792 140.90934254396208 618.0
114.87808327591944 139.94428731082303 620.0
121.98536398762946 140.34476073899202 622.0
129.89195863578664 142.4267326878212 624.0
138.07329193523333 146.2583775330205 626.0
146.69265580353215 150.1790164736908 628.0
155.10341424715853 154.08985789907712 629.0
159.26409230653087 155.90607225242675 630.0
163.32148822805908 157.73494172898387 631.0
167.10414549828874 159.4152155604511 632.0
170.7724984262245 160.81707667265113 633.0
174.44207604355262 162.01808872646026 634.0
178.11859356737108 162.1993427548633 635.0
181.67549976157102 162.05442117793234 636.0
185.0715634169839 161.61843175852673 637.0
187.83323797268702 160.8987226318041 638.0
190.33364546028986 159.9222369646505 639.0
192.40173759616562 159.0322960140018 641.0
195.41488170490265 157.54838071311116 642.0
195.41488170490265 157.54838071311116 643.0
198.2545281512372 156.19183310801188 644.0
198.2545281512372 156.19183310801188 645.0
202.5225706464131 155.52356093551506 646.0
207.36499246158934 156.07099708888316 648.0
207.36499246158934 156.07099708888316 649.0
210.9806837461245 158.41341964630232 651.0
215.20749503210476 160.33863135464838 652.0
220.19851249227116 163.63467871003178 654.0
224.4763525024954 165.27862009060703 656.0
230.06256900215106 165.99628806790122 657.0
233.19859027885605 166.61843027364193 658.0
235.99088206909653 166.90378289968947 659.0
238.77174342511393 167.20587294722125 660.0
241.2476571250869 167.6079792941208 661.0
244.45879268386528 168.33054602934706 662.0
247.93650229805047 169.42051957931145 663.0
251.0247606888699 170.61214234737417 664.0
253.90318896562445 171.3040918481356 665.0
256.5570908557326 172.25240965921031 666.0
259.17384383459546 173.36565230732157 667.0
261.927353794425 174.96346372056058 668.0
264.06688614422427 177.2789431116739 670.0
267.94670210539965 181.64741013588213 671.0
271.4656429287805 185.14798061897568 673.0
271.4656429287805 185.14798061897568 674.0
274.0554527412469 189.8434397081732 675.0
274.0554527412469 189.8434397081732 676.0
275.9026925586261 194.31029011301865 678.0
276.57178119081453 198.02273185839996 679.0
277.62950458679495 202.72104855668127 681.0
278.2577702396063 209.79934495304678 683.0
277.1865752604186 215.01243942080293 685.0
276.8697889403597 218.6697701443796 686.0
276.8697889403597 218.6697701443796 687.0
276.8248836630322 222.69695706108033 688.0
277.13799591495024 225.20634560438432 689.0
277.4253896898552 227.97985882385717 690.0
278.22307070711855 232.5928554948265 691.0
279.5951310444003 235.81868732623172 692.0
281.0655747620111 239.04084508947798 693.0
282.60174347643846 241.13914623025377 694.0
284.32488143646646 243.72201613615732 695.0
286.0998645803303 246.1726195889176 696.0
288.1426464689752 247.92637478356448 697.0
290.4250592466396 250.34146224450797 699.0
296.601167798478 255.09366527482084 701.0
303.9186868540443 260.52638737188056 703.0
309.983348672156 266.6249322630512 704.0
309.983348672156 266.6249322630512 705.0
315.50098256643713 273.00352279279974 706.0
317.97812095579343 276.32488039575844 707.0
320.06580812177486 279.3461891006138 709.0
324.03216879925577 285.5341363162129 710.0
326.0357606276893 288.6195370985015 711.0
327.89647202826677 291.789033218329 712.0
329.4755048710464 294.6466417759209 713.0
330.4364778058815 296.925788714982 715.0
332.06204884517234 301.43754439681044 716.0
332.6286717990995 303.1488436928602 718.0
332.7874731889204 303.68974817014583 719.0
332.8127834361421 303.76322953274536 720.0
332.7976789337692 303.78731509054757 721.0
332.7784921334549 303.845283721436 722.0
332.79482132521116 303.97918309388996 723.0
332.7735933759307 304.0453163207517 724.0
332.855239334703 304.07879116372015 725.0
332.94749926812455 304.4690588464874 726.0
333.6027080873324 305.4920827099347 727.0
334.4514178288398 307.365857464055 729.0
335.38871343561885 309.1996256979641 730.0
337.42251426880733 313.39214568123896 732.0
339.1276901179043 318.8048645187732 734.0
340.81122978792945 324.4817080324763 735.0
340.81122978792945 324.4817080324763 736.0
343.5394295005282 330.72721564942617 737.0
343.5394295005282 330.72721564942617 738.0
346.6440170830948 338.9191629234406 740.0
348.3263320637367 346.217903408765 741.0
349.2554630746421 349.6437678389058 742.0
350.2650153549456 353.2308830379242 744.0
348.1377298989613 363.1267814716703 746.0
345.1633676206443 372.1302895758018 747.0
341.5537997830257 379.8176648251629 748.0
339.9800739275526 383.6595154151839 749.0
338.90602133981594 387.1519213023041 750.0
337.8246206157885 390.3508099668234 751.0
337.0310218964574 392.83733764151816 752.0
335.96799151315236 395.3050867458804 753.0
335.58221435792746 397.63934470732625 754.0
334.4873420507018 399.7135602897197 756.0
333.6835375865219 402.07925194586585 757.0
332.2232996137598 404.161223894695 758.0
330.1874576316052 409.4155495718553 759.0
330.0911154002423 412.57688109570955 760.0
330.0911154002423 412.57688109570955 762.0
331.6264676550868 413.8979127084119 763.0
332.27800240613567 415.4732714831594 764.0
332.27800240613567 415.4732714831594 765.0
332.4625222729788 416.2742183389173 766.0
332.4625222729788 416.2742183389173 768.0
332.47231978803615 416.72449580142126 769.0
332.813599895734 416.98617109920417 771.0
333.35083030449806 417.06700059870184 773.0
333.5075905453528 417.10333305017394 775.0
333.05486370391907 418.7558472562601 776.0
332.59887102414496 420.2275156629007 777.0
331.601157407865 422.091492901737 778.0
331.6203442081793 424.1379488587494 779.0
331.7771044490341 426.2505380420434 780.0
332.9274960082274 428.8509618290865 781.0
332.8662615391437 431.38892645800706 782.0
332.9050433695637 433.19248568756905 783.0
333.1328355945596 435.5500127471617 784.0
333.2732666436581 437.69485208423123 786.0
334.11340355949136 441.7330612054089 787.0
335.2319531947641 447.17435612797954 789.0
337.1902315160787 452.03433182467603 790.0
337.9303521324083 454.51677720109404 792.0
341.7852660761624 458.9256589750511 794.0
346.1961889991943 464.1714118267005 796.0
349.8106555943462 469.3444997748256 797.0
349.8106555943462 469.3444997748256 798.0
352.705413062848 474.65842700218496 799.0
353.2116180072833 478.09939593507943 800.0
353.8047758978064 481.4505543128476 801.0
354.11462231137506 484.52697404008774 802.0
354.5742890592991 488.21206438904545 803.0
354.8445371828649 491.72610645500185 804.0
354.8445371828649 491.72610645500185 805.0
355.45035019700344 498.546809851281 806.0
355.61894910188175 501.85102180321786 807.0
355.85368123336787 504.42695180292117 808.0
356.54277312546253 506.94328025242544 809.0
357.4176095737836 509.3722475263495 810.0
358.86478419313875 511.63261589507806 811.0
360.798160497023 513.6108974758004 812.0
363.08465557262866 515.9329085435763 813.0
365.5368919445546 518.5561931992287 814.0
367.9879036271063 521.3403203936408 815.0
370.4103392240777 523.9734025645772 816.0
372.5984509193543 526.2994959300498 818.0
376.8252622053436 531.0480248927838 820.0
382.6694799347411 536.4097150056299 822.0
388.98357015692045 541.1072152436757 824.0
394.7424678593958 545.0792911385718 825.0
399.67143439088653 548.049571118739 827.0
404.45139704759566 550.7806284401948 829.0
409.46200953786774 553.1969405903312 830.0
409.46200953786774 553.1969405903312 831.0
414.0815378855813 556.1125177782314 833.0
416.197801137134 557.4433469062178 834.0
420.8185541742308 560.8373694127008 835.0
422.7903040787437 562.2065721415877 836.0
424.81675677564147 563.8848048242066 837.0
426.40232129512896 565.2009376795571 838.0
427.89807525996156 566.7313911767415 839.0
429.2362525243475 568.1030432845944 840.0
430.0314841628533 568.6619098719771 841.0
430.87570337662794 569.3918247435213 842.0
431.7636031783468 569.8870074835884 844.0
431.6133746142 569.6910571825495 845.0
431.6178651419327 569.7249402556356 846.0
431.6178651419327 569.7249402556356 847.0
431.63746017203846 569.8114849715604 849.0
431.407218568276 569.5494014442398 851.0
431.6346025634804 569.7702537627364 852.0
431.76237848897256 569.8665959939451 853.0
431.76237848897256 569.8665959939451 854.0
431.92077164900206 569.8845581046223 855.0
431.92077164900206 569.8845581046223 857.0
431.8677017757919 569.8396528276393 858.0
431.93791730034116 569.9388526673517 859.0
431.9701674540622 569.9527324803323 860.0
432.00486698654095 569.9600806166503 861.0
432.03099369335456 569.9682452126236 862.0
432.05140518304313 569.9755933489416 863.0
432.0501804936689 569.971511051245 864.0
432.0469146553104 569.9760015784792 865.0
432.0452817361356 569.9768180381345 866.0
432.06691791521655 569.9645711444647 867.0
432.0612026981005 569.9608970763056 868.0
432.0603862385086 569.9568147786091 869.0
432.0722249025321 569.9637546848093 870.0
432.07181667274074 569.9637546848093 871.0
432.0705919833574 569.964162914927 872.0
432.09957629872906 569.9833497147972 873.0
432.124070086359 570.0045776640958 874.0
432.132642912033 570.0115175708761 875.0
432.1412157377071 570.0188657071941 876.0
432.15427909110485 570.0282549923603 877.0
432.15427909110485 570.0282549923603 878.0
432.2024502067909 570.0796919465861 879.0
432.4351411893109 570.396070036636 880.0
432.6208857455283 570.3907630491664 881.0
433.4463263887891 570.9377909729969 882.0
434.51711313817634 571.3701063248237 883.0
436.1365607305506 572.0277645229613 884.0
437.6588496319883 572.6054096812566 885.0
439.2252273511615 573.3238941182061 887.0
441.18146452351004 574.4775515160662 888.0
443.38019019342687 575.8818620072323 889.0
448.14586480735494 579.2293463168414 891.0
452.2649034277583 582.4723237998487 893.0
456.7750261907112 585.1923589162475 894.0
456.7750261907112 585.1923589162475 895.0
461.69786927528537 587.7511432643488 897.0
467.0693569033611 589.5273510974872 899.0
473.76432552324115 590.4066780737767 901.0
480.1523053381016 591.0773996252395 903.0
485.8128196602569 591.9016155791443 905.0
490.4609240935416 592.9172913062737 906.0
490.4609240935416 592.9172913062737 907.0
493.3058775271918 594.2126044424433 908.0
493.46916944475447 593.8260108272549 909.0
493.7561549898589 593.8680584963143 910.0
494.6950835158217 594.0301257242671 911.0
495.63074620342604 594.2428134467904 912.0
496.0793907469184 594.5877676230369 913.0
496.721127982919 594.8535252185166 914.0
497.38450139800045 595.2993121537862 915.0
497.9809251268821 595.6773329428836 916.0
498.25362262920544 596.0533125831327 917.0
498.14870757216846 596.0288187952127 918.0
498.0503241918394 596.0802557494385 920.0
498.0217481062682 596.0855627369082 921.0
498.0233810254429 596.0892368050672 922.0
498.0029695357544 596.0998507794264 924.0
497.9735769905913 596.1549618018112 926.0
497.96786177347525 596.2055822958015 927.0
497.96786177347525 596.2562027903718 928.0
497.95928894780116 596.3039656764387 930.0
497.95234904131087 596.3158043405709 932.0
497.94949143275284 596.3186619490746 934.0
497.94867497316096 596.3198866382676 936.0
497.9498996625442 596.3207030979229 937.0
497.9503078923357 596.3211113280406 938.0
497.95071612213616 596.3211113280406 939.0
497.9519408115194 596.3211113280406 940.0
497.94867497316096 596.3202948683853 941.0
497.9482667433695 596.3198866382676 942.0
497.94867497316096 596.3198866382676 943.0
497.94867497316096 596.31947840873 944.0
497.9498996625442 596.3198866382676 945.0
497.95234904131087 596.3202948683853 946.0
497.9531655008937 596.3202948683853 947.0
497.95439019027697 596.3202948683853 948.0
497.95602310945173 596.3202948683853 949.0
497.9584724882183 596.3202948683853 950.0
497.96092186698496 596.3207030979229 951.0
497.96255478615967 596.3207030979229 952.0
497.9641877053344 596.3207030979229 953.0
497.9650041649172 596.3207030979229 954.0
497.9658206245091 596.3207030979229 955.0
497.96663708409193 596.3211113280406 956.0
497.96786177347525 596.3215195575783 957.0
497.96827000326664 596.3219277871159 958.0
497.9686782330671 596.3223360172336 959.0
497.9686782330671 596.3219277871159 960.0
497.96949469264996 596.3223360172336 961.0
497.9707193820333 596.3227442467712 962.0
497.9719440714166 596.3231524768889 963.0
497.9748016799746 596.324377166082 964.0
497.9748016799746 596.324377166082 965.0
497.97684282894073 596.3251936257373 966.0
497.9792922077073 596.3260100853926 967.0
497.98174158647396 596.3268265450479 968.0
497.9841909652315 596.3280512342409 969.0
497.98664034399815 596.3292759234338 970.0
497.99072264193944 596.3313170728622 971.0
497.99072264193944 596.3313170728622 972.0
497.9927637909056 596.3321335319375 974.0
497.9943967100803 596.3329499915928 975.0
497.9980707782212 596.3349911410212 976.0
498.00052015698776 596.3366240597518 977.0
498.0033777655458 596.3390734387178 978.0
498.0062353741038 596.3411145875662 980.0
498.0119505912199 596.3456051153804 981.0
498.01807403812734 596.3509121028501 982.0
498.01807403812734 596.3509121028501 984.0
498.0229727956515 596.3549944005467 985.0
498.0229727956515 596.3549944005467 986.0
498.02623863400095 596.3578520090504 987.0
498.02623863400095 596.3578520090504 988.0
498.0303209319423 596.360709617554 989.0
498.03440322988365 596.3635672260576 991.0
498.03440322988365 596.3635672260576 992.0
498.3087336513817 596.6003405069632 993.0
498.6226623628826 596.8509936002691 994.0
499.46892272563247 597.6143833147819 995.0
501.86278223703266 599.7592226518514 996.0
501.86278223703266 599.7592226518514 997.0
503.619395040156 600.9610511653158 998.0
506.2614582662497 601.6574911933114 999.0
508.08787836413086 601.7052540793783 1000.0
512.1015936977058 599.4408034129531 1001.0
566.0352811479387 542.4049777588114 1.0
567.5673675644247 540.3736263039725 2.0
569.3554140616864 538.4422911490816 3.0
570.9409785811739 536.6109722941385 4.0
572.5849199611962 534.7057638458981 5.0
573.6740770513057 530.4593575294314 6.0
573.6740770513057 530.4593575294314 7.0
572.3718240087818 528.4831170975574 8.0
570.6066383799754 525.987608367234 9.0
569.0782260316303 523.7088696577105 10.0
567.5240952062719 521.6718029864445 11.0
565.8152452890341 520.484670745616 12.0
564.3558237758549 518.94401150361 14.0
562.0064613119907 516.393391751482 15.0
561.5998644372678 515.8573860321285 16.0
561.5998644372678 515.8573860321285 17.0
561.6145607098493 513.559052292037 18.0
563.7765456983215 510.1560487305054 20.0
566.64558468981 505.0735877965819 22.0
568.9492254167639 500.2715807307738 23.0
570.9507760962313 496.28562502289714 25.0
571.8950116095097 493.91911690767574 27.0
576.4063590618458 490.0764498579995 28.0
578.2948300884026 487.27925931026203 29.0
581.3169552526051 480.1629975431137 31.0
584.1129211109956 472.8160859421849 32.0
584.1129211109956 472.8160859421849 33.0
586.6533351184016 465.60552309267604 34.0
587.8812903384351 462.28988070672466 35.0
588.9871848501015 459.30898675161814 36.0
589.6007542303222 456.6146701117521 37.0
590.282497986126 454.47881183031126 38.0
590.542540364843 452.7291389339411 39.0
591.0842613013398 450.90884228289485 40.0
591.8603061395313 449.06609299335713 42.0
593.4377060631452 447.49440828676865 43.0
594.4064353640536 446.2048103676063 44.0
595.9291324952826 442.4478715747796 45.0
595.9291324952826 442.4478715747796 46.0
597.6277766676807 438.91015218055855 48.0
598.9206404249478 435.79209301495683 49.0
598.9206404249478 435.79209301495683 50.0
599.3896964581287 433.0736908172886 52.0
599.2451831110889 432.34949116275163 54.0
599.528086358261 432.09598046094203 55.0
599.4668518891773 431.7996056304175 56.0
599.4909374470158 431.72979833597697 58.0
599.5574789034241 431.4652654291102 60.0
599.7599608811983 431.2476789492351 62.0
599.9024330792629 431.20726419948625 63.0
600.0 431.27747972404455 64.0
599.9755062123701 431.3260590697667 65.0
599.9824461188695 431.3199356226417 66.0
599.9738732931954 431.31871093344876 67.0
599.9738732931954 431.31871093344876 68.0
599.9489712757651 431.31911916298634 69.0
599.9371326117415 431.3040146608128 70.0
599.9077400665875 431.1501120282532 71.0
599.7803723708868 430.51082417149064 72.0
599.4758329446428 429.778868150518 73.0
598.6687626421134 427.51033518581613 75.0
597.5669504283884 424.22980056214385 76.0
597.0097167597272 422.73527128689403 77.0
596.4337045205341 421.3938281839683 78.0
596.4337045205341 421.3938281839683 79.0
594.7003608156573 418.4390609360924 80.0
590.133085881562 413.131257155858 83.0
585.2477999380245 407.92061206648776 85.0
579.5142124827619 404.23429702775695 86.0
579.5142124827619 404.23429702775695 87.0
573.1744037835784 401.6983735476847 89.0
566.6100686977485 399.9801343454347 90.0
563.1711409139743 399.56251526624385 91.0
560.1290124898657 398.4713170270865 92.0
557.2856919753901 397.07925343017047 93.0
554.4415550013229 395.59166406112087 94.0
552.3212094518288 393.42478031509745 95.0
550.537653482309 390.4357217640176 96.0
550.4715202556921 388.0688054192587 97.0
549.5334081893211 385.39449203949823 98.0
548.3895483068267 382.68221328895504 99.0
547.1889444829811 379.3959634476954 100.0
545.4078378922188 376.2162615830463 101.0
543.4009802254359 373.6023662131403 103.0
538.7398124387353 367.5944483361711 104.0
534.1219170101965 361.44691586974074 106.0
529.7383454833524 355.7533349345534 107.0
529.7383454833524 355.7533349345534 108.0
525.8262793684559 349.6454007582165 109.0
523.854529463943 346.45957544644233 111.0
520.181277778483 339.49517516300534 113.0
519.593835105067 333.7566889496747 115.0
519.0214969340237 324.2649380122565 116.0
517.6771962227303 314.47844516304434 118.0
515.4209101518707 305.4088038320512 119.0
515.4209101518707 305.4088038320512 120.0
511.3112608167332 296.70452816694785 121.0
509.0655887205137 292.57365088214027 122.0
506.8480844800739 288.57299890220776 123.0
506.8480844800739 288.57299890220776 124.0
501.5312996443831 280.66722071331617 125.0
498.93944868295057 277.21278019755886 126.0
496.7468464599412 273.9812331491463 127.0
494.4917850784648 270.5010741562761 128.0
492.51391172704444 267.7794061199865 129.0
490.7638306006109 265.57782284180166 130.0
488.80187821115544 263.06965898827076 132.0
486.4231232021282 257.3919990143322 133.0
486.4231232021282 257.3919990143322 134.0
485.79036702159317 252.21931929632487 135.0
485.88099403583095 249.16861804619765 136.0
485.943453194298 245.98973264120386 137.0
485.943453194298 245.98973264120386 138.0
486.1900239898167 240.1259198815103 140.0
485.65891702795113 232.84432504836798 142.0
485.4376564796632 225.27574466928726 144.0
485.2429308679803 218.99921158833496 146.0
486.14797632103824 213.2778710266063 147.0
486.94484087872786 207.39977022439456 149.0
487.9184689371603 202.58592449503433 150.0
488.1544257580388 200.24105255864913 151.0
488.05971644585065 198.51342407065275 152.0
488.22709066134564 197.19729121530227 153.0
488.08625138245577 196.21549856125912 154.0
487.59964146813525 195.36189006208252 155.0
487.3383744000349 194.38417970573596 156.0
487.22651943650766 193.71917337128036 157.0
487.4163462906754 193.73142026495026 158.0
487.24733915599666 193.80735100709597 159.0
486.69377955547634 193.20602852053608 160.0
486.2108437092967 193.677125702801 161.0
485.2649752768436 193.07294560773744 162.0
483.9027124546192 192.4173285584481 164.0
482.5049336403242 191.68251492955196 165.0
481.2961652205961 191.17508529581494 166.0
480.39805967402845 190.85829897564724 167.0
480.8467042175208 191.33592783457476 168.0
480.9373312317677 191.59964428120603 169.0
480.9712143046545 191.7796736204161 170.0
